3.2822401147235087
4.510792512609164
4.264368922910718
3.608583270046715
3.7138144982159496
4.014215625618887
3.837930901997428
4.478741668300305
5.479343586252504
4.3509536930739685
4.448039212951896
4.2513801700169545
4.468437645866251
3.775652837717928
4.259142093072933
3.937472909674721
5.28695175411962
4.128131417962024
5.05003856194018
3.560761312429019
3.6297333220663717
3.2845275145628516
4.081923506452407
4.612669170404253
5.24191958992666
3.8091728883882894
2.902980065442451
3.608413200831606
3.8800078732872194
4.492921764050427
4.167315716610222
3.662929864866964
3.5698259938113868
4.685363601838326
5.124611324686043
4.690428934096701
3.1188415509192335
3.0974233650626424
3.7671369692685985
4.578179408908596
4.50381163497808
3.404824885937664
4.4149798370310585
3.4030993305966675
4.627294156797461
4.467049743585468
3.911074359610602
5.126643602785251
3.827734725823005
4.290279217800704
4.325306902372061
3.5735544032521105
3.664534951449671
4.683868024040766
4.2353301413328435
3.7557677314087172
5.65873747891505
4.845860053250249
4.129096410446456
4.286503878135484
4.141799428574197
4.018888197092567
4.933212086179468
3.9216962759334457
3.472722323791391
3.3984435446925243
3.915295919766127
4.260031001300078
5.468322849248629
3.6006970473588034
4.396087075042793
5.18402762697929
4.267197112430237
3.8519007492587978
4.198112736641118
4.88840969708537
3.92820169942142
4.884728389600763
4.488096872798742
4.75557756010058
3.631507359962267
5.166620417030902
4.767027199665746
4.278094416620521
4.2739282597960795
4.960507018850599
3.887631296918542
4.348435175071785
4.257537491108815
3.7269332947199487
4.072053255968633
4.688009595502983
4.143131061925651
4.973720222805552
4.387771537342648
3.862009865822987
5.020522395141276
4.832533172870338
4.88908548354325
4.09761914018549
4.526831685214434
4.416404981175807
3.614959286102863
4.619894160657916
4.214657510682921
4.647419996568905
4.8928151859756674
5.094490023594934
4.89731488650877
4.597224999669855
4.435019520861697
4.425712013965761
4.687678137003683
4.579397957098351
4.972388133796002
4.006286456669546
4.38192418161432
5.36774189964618
4.138100252742422
4.8497032390960495
4.2922267575704875
4.472020944169511
4.358261810285864
4.407562000594911
4.584695989105297
4.381821976631848
3.28743365611685
4.1282264353015155
4.193396484003646
5.050187064612377
4.549752957516713
3.933349127231125
4.91928251775653
4.274753401674936
4.628801652995781
4.579469404244513
4.40703060831
5.01840620222608
4.236824704573149
4.716703057318865
4.289190994983009
4.287700856602186
4.817883520140182
4.507259004969416
4.9048120036626255
3.7970969542836244
4.410085044503251
4.370622362535057
4.305449424459175
4.2583027582050335
3.668813642123002
5.022853300070192
4.563989801619428
2.8408068846305046
4.830598830761634
3.6825452356810153
4.0650078548273925
4.770750713679639
4.487233258224345
4.033296810447448
4.753611932887635
4.019905456195328
4.199045457150245
4.475105073725604
4.265265508845253
4.42696148025602
3.6135254183706618
4.028475101909512
4.931167242479631
3.6563790205625324
4.2316903576441085
4.025415884622067
4.4326913319077335
4.558144669781141
4.794091619398669
3.866907500328903
4.221088036748142
3.6345251394471862
4.444777282358249
4.409473781690576
4.6978443915109604
4.296508084323198
4.477249191627983
2.945566772734704
4.256596646348752
4.228523898752769
4.009623069343947
4.361695590751967
4.487886775604263
4.248098348227682
4.203978492157354
3.85704093017749
4.833914242736407
3.042298223035191
3.8910132181311816
3.427922951149352
4.630890592739888
4.120299935672509
5.118816148404775
4.322734543220948
4.078975357905762
5.225373496050935
3.582578034813242
4.225518112457538
5.254891106786687
4.244217816755706
4.235122733617166
5.1071546393185585
4.381911574861499
4.68553754144321
4.097421107352844
4.064568715965768
4.235062015411485
3.937487835704788
3.1427534075343075
4.097544955284846
3.9972998890919005
4.498312300064665
3.3451588299445483
4.232841009171036
3.752447578682096
3.7286395353725528
4.110427943832782
4.654140665178186
5.385960410140376
4.492980557559179
4.386504384764665
4.662504665102944
4.537592179879015
3.909080177181691
3.9413827909069976
4.739316816996933
3.683426402856888
4.182120663207751
3.7086690810771508
3.269505329843076
4.030364580914529
3.988017412128565
4.561714280861224
5.123776530899763
4.032198013826013
4.0602551547667485
4.499004912901167
3.844206052403159
4.041924250071256
4.003110151623373
4.909515888644737
4.12910348245822
4.75246248670242
4.230953590238851
4.609710498922821
4.649249196806728
4.8313498285415974
3.2932544894355367
4.3027059751376076
4.098543700751051
3.689143661824108
4.8536205173328675
4.708850773614277
4.733661612059759
3.688285745410182
4.677393298380039
3.9389374832359145
4.810190918773555
4.786094818893549
4.326547629977725
3.8586752720997595
5.531155120901115
3.4942076161343145
4.654960053053621
2.850931716972017
4.655916885820991
4.280187296978259
3.950750725160365
4.285858082085419
4.365968456293647
4.042548496250376
4.535415878546807
4.884274382246991
3.6451479188183793
2.8164989450778286
4.512547761355982
4.08423209776203
5.069048537615529
3.5519963809831765
4.540902405931011
3.273772944389645
4.326854070909722
3.81085991373439
5.148946112876423
3.5190877399891995
3.3974173564179715
2.872622243837684
3.9473609169322916
4.0963524490489505
3.8255127141071927
3.952982607732121
4.405942546949014
4.604922311213286
3.6257790820237723
4.503151175671492
4.7368563454756245
4.825516062593241
3.869206369845058
4.518290867664872
3.774947810338558
3.979107903333505
3.6060369559001426
3.2764187925267354
3.9474400924047455
5.05589788894703
4.370384950136115
4.787442089079935
3.423725414501215
5.059034615605617
4.746102146339275
3.1976063106639323
3.095414286848138
4.5871779875569665
4.002627212442722
3.866036266451756
5.002038125537737
4.021514562871044
4.382841408665289
4.764850214327502
4.946851647636393
3.6900053964099158
4.527354517908709
4.057739089604533
4.253388068190516
4.882076090780799
4.815265599160064
4.690438627931616
4.535249113092174
5.275992172276009
4.799490711208231
4.3200406805077325
5.202006138458062
5.085546057020842
4.557056063597901
4.838581592910559
5.427031758931371
4.704972555940513
3.91828283330765
4.279394488573294
3.624106461648765
4.9957801462168305
3.1307372148830837
4.1124037673549765
4.3762809740730635
4.266945695144104
3.0395584508748517
3.001808814908401
4.9501726628643485
3.519443980258055
3.9038582037616862
5.344387498130557
3.884260029788045
4.676158738488548
4.192094488257496
3.933785403460595
3.4081458909093953
4.4907561831678215
3.557047723440725
3.619653868043038
3.758243387994643
4.34824676877334
4.451438619697319
4.295876603355952
4.462013794451064
3.9864577465839925
4.684691568139943
4.220895721110725
4.813309779056514
4.80036662121309
3.6367462736686296
3.1325124640678528
4.236347460687863
3.9197471078349686
4.3016305717372845
3.1890447087488454
4.383646322350554
3.859570814794562
4.872440444720462
4.374224518609587
4.8317514495926766
3.123825488740417
5.159046844957219
2.4333223784927114
3.947498575327435
3.6202903729976192
4.084295968573679
3.454301208150799
4.2161107249751275
3.8921823719916055
4.607307156967273
4.415518879135243
4.829377878437345
3.445768237443559
3.215360003116251
3.377973526588404
4.696550395942209
3.5763184765107194
4.78609021031191
4.3722059680735725
4.219286937392802
4.762022052778834
3.9636954264248665
4.198014488723718
4.818812504605864
3.4833295036364813
5.0051290867145894
4.317900658226289
4.138822418718039
5.146604187126782
3.7022972876717066
4.982723473218327
4.57905039808138
4.5201290480437635
5.076740592315096
4.420135689301821
4.839962481793318
4.301608987488363
4.890598428067312
4.214557084021179
4.080833750392465
3.0750763055929706
4.133204892671873
4.987905809576656
4.507964018653778
3.866272225791045
4.4209585626536185
4.873999880087846
3.7801203197157474
4.556339475797984
4.068132108057387
3.8814898613918754
3.7701238949967166
5.170404786600663
4.6271245833707155
4.7382358779506255
3.7306493478904024
4.4338668544844815
4.4835623869246035
5.081029099228278
5.415145090330547
4.230107196337784
4.386647593545806
4.765934030371669
4.6755671875882925
4.183681148559723
4.755040302260234
4.843007715682983
3.6613660901668617
4.05593727870559
3.9438569719954
3.998106576477996
3.9482574964500827
4.444017402179259
3.1461188040446935
5.112355280359537
4.604054072088644
4.890856176184908
3.2815913436687456
5.001984419517932
4.3300124138743215
4.854275451701604
4.609401908424779
4.497210168127623
3.7812599442235904
4.884012484191574
4.883095751166136
4.439507329992352
5.085874142260259
5.342717627572961
4.629367209627775
4.584646195790528
3.66789657816118
3.8706572572160205
3.4804639080918296
3.659497564095922
4.073118747694901
3.337055107194155
4.651318636304076
4.281255958086138
4.940960659791397
4.4360688901799925
3.9017568316003306
4.334504464290314
4.532743720041511
4.260084571132879
4.457112203905018
4.528876458028034
4.453601281213588
3.425728015369696
4.714447415620498
3.246791038667695
3.3669763498768948
5.04804874146418
4.632882111331757
4.919651968807488
3.9332993650378913
4.992710298809937
3.18125628757735
4.819260123769418
5.176819109344848
5.516756739242293
5.019331100506612
4.005528741090695
4.331460583286805
4.4429421031794405
4.07011041449902
4.33607404759757
4.292752181985808
5.154892552775914
4.087068432851371
4.0555922497942465
4.852005834023547
4.716455738716011
4.561902945951051
4.160501369374643
3.611062970118253
3.5041887678379826
3.672692288330394
3.6081318880709414
4.267677338973538
4.22742455629688
4.386546640443008
3.782878213712129
3.5179558270402325
3.1679950207891423
3.8246370644216263
4.206921864308505
4.331260022278013
5.001117154709771
5.18621329264818
5.432062461241939
3.514095365619262
4.301877143141846
4.030025873629613
4.8195270926570295
4.433755699492725
3.785691076321754
5.041335288586115
5.101141615449588
4.883233996577253
4.5393858281921435
3.972704773229424
4.000259419050613
3.857448691783894
5.250140095623008
4.8909977761071595
4.89762789479229
3.8634915223820485
3.64601752836003
4.529079977992236
4.738748410737749
3.8504369059938917
3.423036584347326
4.188714622679843
4.960448944846533
3.9354404585053633
4.412999295928005
3.856740020272742
3.896843821662941
4.530028409344007
4.688538968266659
4.862007419068153
4.4194212716875505
4.198879493041119
4.367307919148544
4.582546003178301
4.889328553887353
4.413440616220276
3.9803395272262545
3.0572697149025103
4.758400119918946
4.883364868926549
4.674401983373643
5.288604382506392
4.283577282286929
4.140273969607131
4.174705314799461
4.438199682223058
4.423017346729045
4.422266072605279
5.108327282391928
4.640692971536968
3.3965511511281683
4.279847024285912
3.438231263082063
3.812991080381339
4.471334598211861
4.8324027597434736
5.10248391522653
4.686573811365797
4.657800268989604
4.645919708778434
4.741687290383746
4.6021011448933695
5.348624496799523
4.301065522672758
4.985349753264355
4.1696324888774186
3.6793230975476163
4.396710748318048
3.2310303447866158
3.9898891605864772
4.008893342079265
4.061955837276866
3.3359058296250677
4.592730310499032
4.029773579401841
5.539148058204081
4.648284773683269
5.409689156791497
4.547752456121961
3.829468650473979
4.8081249331369875
4.361303169465046
3.7853298685429504
4.905361612393714
3.611117588707657
3.984090396928064
4.824853010859442
4.471888536474426
4.3949817990219024
4.690494682732227
4.546441305472882
4.474719413342688
3.243406824692739
3.1209571558972797
4.319031054056962
4.432092776993757
4.657604184884271
3.83925061040396
4.744808545583638
3.0138879728577965
5.082530260485626
4.3054387050283385
4.481576640240995
4.204051189524829
4.601298657023243
4.7763019913607
4.431797821228685
4.048426587589351
4.386747112463162
5.079360039581681
4.9330720721541965
4.432848922458941
4.580482196397806
4.0858037614320235
4.190878852387211
3.15305910893154
4.847027809500098
3.98959630582892
5.045740046266159
4.644133361622078
4.483876031801582
4.917549056560997
4.465760679674068
4.299898148704022
4.270939838673106
4.33658834241225
4.927527487841083
4.471830217516372
5.069661208364092
5.239734740414477
2.8461023347125174
4.686934587500485
4.4926469279769705
4.220870470049626
4.182135536548534
3.9662360209260115
5.015400062760557
4.836265293204093
5.266080247998518
4.868075693961867
4.637276563838462
5.202904271483646
5.758595433860673
4.181108138721157
4.051470628084877
4.8754641711291775
4.186824331165742
5.033787542796787
3.4442518395925354
5.159752482946683
5.323909758736164
4.942404794824062
4.140783890488763
3.610790030252078
4.443722497753125
5.015552222982011
5.281914270835555
5.380931385900597
3.1476983937142826
4.3963082089497085
5.933312901710348
4.859464447625545
4.85879659284395
4.827521215297896
4.025043490114932
4.863033558348214
4.741630233160025
4.3068289704424245
3.656143062266029
4.525757774317112
4.458644934725001
5.196355111560607
4.785401220819885
5.21584658207118
3.7969246677182618
4.226050906168759
5.716029746417053
3.6294880464701222
4.323427385060089
4.007740067721633
3.9798778319980634
4.594100500500144
4.129695302851616
4.808422568947822
4.2550166520292
3.9216060095918888
3.788527554627004
4.8151744016957885
3.3246457142842587
4.436662844332105
3.7284533747621236
4.515501551642556
3.300237325983593
4.113082532673346
5.2122632061951535
2.804410496306833
4.474411384703277
4.615577996215652
5.185128176334526
4.302695388187013
4.301752038870134
4.277968773806613
4.25611953367415
4.488363348363913
4.4187495303587525
4.299819642571805
5.105494017295094
3.903811530398226
4.619409892987115
5.557170519641481
4.094845981745104
3.993073640696279
5.4379654356082465
4.677581276173685
5.114421770159803
5.233276221602036
4.198159698266181
3.9172165161533457
4.317987526773905
4.994278276717015
4.445294581703749
4.925555944824453
3.3015432016202393
4.570133024370909
4.24488861222498
4.827345502776186
4.632840335909728
4.164921767614246
4.517898230919819
4.74338583151218
5.0488976413559925
5.032707980935719
3.922263038916528
4.471577004896506
5.6262879445493414
3.90601048525539
3.5168373195760285
4.8373879080914755
4.352126917834301
5.503610030723429
3.8064014641989203
4.8729913948439805
5.161211189844707
4.603597274782526
4.400548993841296
4.9867896378667815
4.696137554364803
4.48441485171845
5.646724076514442
5.160365661390596
4.712926403356434
3.803581732764947
5.753465704349246
4.782302959837224
3.8227030390898005
5.175641234286349
4.493550886100406
4.349863011727994
5.248647084793589
5.494077967751814
4.748890028657446
4.371989519659099
4.664512866460019
4.709677740112845
5.047624043044827
4.578859116434366
5.317698404896248
3.983288029932398
4.091995494503571
4.660607771112311
4.456671620519305
5.014181119803453
5.62616470117916
4.752020835744418
4.673598536860588
5.205778561949035
4.894201947436816
3.6205374252801743
4.342736967761356
5.89780303106912
4.9284837798323196
5.265095036142071
4.960195462836072
5.4113211500189085
5.342036777957659
4.428670999163192
5.615511231353064
4.5767111820306
4.204269784421594
5.310094698165571
4.997020562275868
4.8105929641119936
4.9941528721908846
4.596859798973236
4.902109553546197
4.485972636004352
4.602196161139956
4.8849428607677865
4.426341982375483
4.463869777855937
4.8715896297638395
4.781924630270744
4.646489287914754
5.06613418571116
4.402200268056934
5.047356773477402
4.76761138188715
5.118118098573145
5.069102290692086
4.901069731039872
5.406043589771656
4.580558186337132
4.879164572968165
4.27039769470832
5.160950458642358
4.95124006294909
5.0961535736164
3.8746233817095543
3.544787116062114
4.762197616193273
5.276033999834066
4.522068795483227
4.327023154872249
5.127091200694288
5.415317394162784
4.15126731896655
5.4981579981614175
5.486359886442973
3.883238568037534
5.22007293834233
5.7452479887660886
5.054085641057789
4.466554739801678
3.9309266207107783
4.523530986069478
4.3202658580731566
4.559913606181347
5.9728202601719325
4.0311064385369235
3.371245544980578
4.24168295002274
3.7191073295416466
5.056008099436884
4.675160482658725
4.852467439208599
3.9844694860154224
5.428159124110678
5.574265516870668
5.028036822271602
4.836059151712094
5.209135277159579
4.824478914902137
4.973280099816741
5.814764136241823
4.901781260443872
5.008196100691952
3.568728129432028
5.639895567064251
5.631674194722102
4.401880432657315
4.7392641794851045
4.975489809791352
4.734214100182609
4.25763968029494
3.8013331821512253
4.688854617794469
3.573491907289249
5.18076828360595
3.6961390806967156
5.097038575134395
4.46674703373877
4.047411824056525
5.019170433792095
5.236050905652164
4.845875212973681
5.23644123683653
5.418256223119361
5.4162158927916995
4.079298340502236
4.64141797142867
4.425776274598338
5.259414976802804
4.211368957061392
5.880457217195708
3.3592668248020594
5.712639644130007
4.623089028093991
5.390823776575278
4.764101429577387
4.960313961974329
4.652573858896545
5.34591868020113
3.9987863919268296
3.149633979034588
5.01102917125163
4.162586195957948
5.245129136694146
4.718316970129271
5.1409951308630895
5.7201318664051115
4.048630682085442
5.039960274591133
4.135545636454724
5.021939973964152
4.208280176881237
5.119899188509816
4.748793836840541
5.286439487334155
5.1883126177318974
0
4.904686282692348
4.589606523199237
4.295035537901441
5.35104796003349
4.32806726831523
4.203051048219637
4.535172245381283
4.242792216037444
4.837818144728519
4.643844828950625
5.623053782457038
5.7025243741164395
4.302921103030034
5.118283977771439
3.5833988277349746
5.177435819374185
3.996685929323851
5.382409807893161
5.436403186193395
4.668785905084206
5.0784441576299635
4.872911720230675
4.589394338604855
5.052723292302353
4.989061073076677
5.039032035089672
4.942094288622933
5.241536280942434
5.352962578938055
4.044174892623689
5.773790096023568
4.799474488262383
4.298779909011877
4.789097016441328
0
5.307880347568894
4.817419411664165
4.700512965371516
0
5.523458390929349
4.645578486321902
0
4.3728693265272565
4.721911109601454
3.829043856118002
4.839004607535463
4.8287816106882
5.4822189484925214
4.7760054162536925
0
5.548972825254882
3.874521338674395
5.724680189385602
5.616546696950252
5.26166972726385
5.79915798336482
3.2711340660973303
4.910768442652657
5.657476120151195
3.8189731963653237
4.256381327966757
5.799008177885245
3.8127543940234023
5.434840499989747
5.616705946046352
5.16439994915101
5.566198623903443
5.388987278677769
5.04006810744985
4.336863819074786
6.033780289367925
4.21518452059094
4.785428906524956
4.9033283018803715
4.630336659722158
4.1065726652278425
5.114324019290244
4.248572165949023
5.2205579025154165
0
4.930943225189338
4.6926068550664155
5.3490629045046845
4.492209981326788
5.332058428895092
6.039668043416622
5.465565872351352
4.67885109710333
5.474614168571929
4.179333121541985
5.4180535034657815
5.537218994926079
6.400609106390558
5.229834401405624
5.37694007292297
5.611809028835088
5.663762744660485
5.887452534717752
5.395217612580154
4.9113257403105255
5.312370959543756
4.928828329189585
4.576615887976963
4.387319116632353
5.573244518420431
5.299195782654142
4.406634528624725
5.091414361372454
5.255815222170755
4.978896816564388
5.901226096230712
4.639908898067315
5.608039291352899
4.032700104364217
0
3.6795230080215386
4.967793867293823
4.704398221933602
5.429980263435935
4.861955130096803
5.080652404521155
5.712258071995539
6.093080324514219
5.411557387646656
5.289605636680225
5.31186283450452
5.077713225900968
5.352477367376888
4.820090560800065
5.289141050745682
4.974045623962166
5.8834070676189665
4.698206980214476
4.472361735649169
4.477595946840935
5.549247984114487
5.609854144617152
5.182119521984717
5.1660824874393825
4.804461708657193
5.345445834830624
4.618632811289359
5.381072932464626
5.285981489575105
4.600832164700098
5.8778421134499315
5.323767622654909
5.505563961854513
5.756663663112969
4.7797532573149475
5.070134049678252
5.07269434187768
4.3298195850351675
5.1429928542153895
5.930976837822595
4.7691640837406375
4.225885745813754
5.2186138140844776
5.632713359209177
5.602649647824453
4.4553647653403985
4.96467235947868
5.755238548143506
5.3364454218154265
4.660097972448693
5.136604317679659
5.074546348863002
5.022557990789284
4.882569311043488
5.609950438786537
4.533679328793404
5.121658441012652
5.341920496341972
4.998092061788331
4.445793028877315
5.497425993147829
5.088622029447617
5.395036514594754
5.744723047588941
6.488939511139499
5.600061976448675
5.316147311419925
5.398820619830623
5.406860168615911
4.712950930511003
5.280631180683768
4.554791521525697
5.279197977281562
4.7579903299155255
5.385102197893302
5.251684678031815
3.7288241260886785
5.359440727465749
5.32484181282941
5.744742659083993
5.989225982382692
5.346594996731149
4.855146816739531
4.724809477574368
5.47666622710253
5.413241632182723
4.603974647761447
6.286177029036093
4.649116890850927
5.8906404424285626
4.806249870205939
4.667547247316847
4.269331596803003
4.814442746364142
5.020371032487075
4.88511660117315
5.224522489258975
5.085697630181144
5.190418248726427
5.1448694416454686
4.791573156636289
5.505806455825894
5.158917570672877
5.304789807986445
4.262373429059199
5.0408759068896245
4.813594357209732
5.304893086241062
5.440061331853144
3.186354740590202
4.259278005955734
5.106283859379506
3.856416390191363
5.35501417596862
4.909265960414395
4.893052394834115
5.726583686538154
4.922384863478058
5.227504982289728
4.82523606885743
4.92457173890066
4.969333614135522
4.889714155470443
5.318545859600599
4.2672429341336375
4.423246445446466
4.750140295763533
4.1168578896492445
4.456811726084208
4.887508450244418
5.36290877466509
5.185659897291208
5.814670173426693
5.389457115495347
5.269625344420891
5.595051944850519
5.120264780964481
4.984766917736984
4.780494130380948
5.079957148299201
4.679418895404234
5.03846910609111
3.8065805721078725
5.401778685860727
5.988089657129347
5.93099896136313
5.273966874814979
4.8242989776270555
4.889681174923044
5.227884818819643
5.06540624946712
5.882425377159176
3.3429141652363015
4.664556454234024
5.888359260703588
5.47453289239624
4.5709139457116486
5.681177189140595
4.912515644445865
4.809701068186538
5.919171478354244
5.051999204880222
6.308750054626653
4.818007779817393
4.607086540779687
5.241416674331928
4.73668141928413
5.430575913757204
5.03175774084159
5.218900632966344
6.343150109157387
5.011478873064547
5.332801363074623
5.54481193959978
4.513768850761615
4.793187068976742
6.159498268705882
4.678923618376373
5.671607673125045
5.260129820224922
5.608067904813723
4.797165299226961
5.23221144163265
5.797041262791094
4.897021651655024
5.116962972895102
5.361821694244043
5.3879393470281265
4.277081038985687
5.404337763617171
5.75996824158824
5.5704672704681
4.806397368965605
4.9511488354104785
4.419436430060282
4.991613504056147
4.842042525630653
5.096371605018302
5.672243720888712
4.331579490211222
5.6156336574375985
5.40418282138841
5.029144352864304
4.923395269272142
4.783158740230579
5.408339128102533
5.713086753926941
5.744347845064565
4.932623450969981
5.357981830226024
5.535190409340938
5.504715866201153
5.089418524327577
4.672011593598089
4.918582923279557
5.792336774225205
5.65903423182953
6.222280988090461
5.177382157762466
5.696315405978115
5.417455985223427
5.594718988599746
5.505494700230265
6.378392024530665
4.620445147829711
5.578005756574994
6.831437522097552
5.56424079640113
5.709474167007734
4.982958029173604
5.20274214079468
5.449440310032347
4.878779343315884
6.196318177005754
5.0327466998177535
5.74736874791126
5.371069450086658
5.906458037702571
6.0156236656615665
6.321697292751914
4.728731305321581
5.265237751724225
4.92094502276472
4.626833142610959
5.505534212268362
6.169116828224414
5.679342944200563
5.7440695780372355
5.370351260553576
4.851195293338799
5.424729435598671
6.261319071040944
5.764621205389453
5.22693834747249
5.202553559134007
5.041002470629888
5.597450705330196
4.511780396369375
4.735035691684157
5.72164074575263
5.600851213722173
5.465100317339264
4.954183926542958
5.457535250617738
5.862447694284711
5.044905577726432
4.876310881166177
5.972605157935718
4.193339797969511
5.833656066561783
5.893972106543281
3.27545626789726
5.05321676591482
4.9927169768038056
4.6358174857952825
6.112009543845261
5.531525473440137
4.9499075449103564
6.434737248169652
5.78204995278327
4.499556571622287
4.816927871553737
5.431913781264804
4.928895644811224
4.859333354165415
5.259614525225105
5.4462720370711395
6.2696225159456525
5.19278119529945
5.150910142737496
5.1601447311987485
4.8626245120534595
5.670660470179502
4.24543786809928
5.578276157733772
5.635215576202814
5.650446901538356
5.654661117725533
5.428403114745869
5.646426420205602
4.747847502416036
5.659559609409019
5.231186281083859
5.732815126933939
5.7382316104562445
4.831534633104699
4.503346817211753
5.2141219603189555
5.75991696548566
5.4585472389152265
6.323322147158624
5.401315902540674
6.173121722900611
5.087051074410844
5.461774236014541
5.307739544104599
4.960074581520985
4.743780694157753
5.155352607838745
5.978988491246437
4.979236015262838
4.854420619050687
5.048970096766503
4.447470813505246
5.031638681567689
5.021878223829852
5.389094234531825
5.251302711332395
6.294321105545773
5.580687443319089
5.158581998234075
5.533563306439561
5.329945073349142
4.846278582564754
5.224732685324771
4.916373260174524
5.734458192821132
5.1827175606379186
5.878755534907254
5.2228078861338005
4.600738896171055
5.227840053529832
5.971908059578105
5.789878946229983
5.950394442664265
5.670852995345236
5.567333868864107
5.931219179582939
5.184775533719641
5.577448212062457
5.48365722177461
5.6461527510617895
6.215516902499253
4.609835177857299
5.047468810833571
5.211193174585571
5.371479398240975
5.840337120330119
5.922070711318465
5.491616248759819
5.505831477451364
5.825104160283512
5.042172582143618
6.509017165614903
5.865027819029873
6.120729625102662
5.611136184857298
5.8800266746848315
6.126991189706917
5.39779517180888
4.7456474123555505
5.520332822988397
4.964367463100256
4.9366935310669025
5.168799100424554
5.507265830648173
5.522367793113412
5.528602941047367
6.126676884011751
5.334101063254561
4.926926772218618
5.079413594112141
5.0304097910135965
4.986027607444694
5.867362320992541
6.1023575969993935
5.019604179702878
5.173995014468552
4.92626954984841
5.973365268341404
4.988331206402631
5.239401844441691
5.210769575943871
5.5253369324309105
6.103738456235114
5.802441037501868
4.725249601483123
5.9150436865202
6.191143746740803
4.669292429094295
6.524776005440206
4.146798591786256
5.696581568947408
5.6177085071693185
5.387017004420699
5.81845238367972
6.111546141140774
6.6065410949459995
5.7155362092432345
5.295243810684893
5.757218573602373
5.435190506140625
5.578702204134121
5.055367930447396
6.1453745033105704
5.660562791020464
5.240420088464571
6.161601959142278
5.930787120822746
5.520014846128859
5.0979269719007405
5.725815697751667
6.607005734203749
6.50661493797184
6.607363000339198
5.052965406314037
6.484482181173
5.456321670433869
6.32621384384937
5.867378522757882
5.569847427933706
6.061611197233507
5.138404366131526
6.107054592951467
5.927426991568424
5.769340855526831
5.92936687825615
4.904628973729736
6.797554364283947
6.800689937040019
6.3322047346129935
6.443585161737893
6.292848132364398
4.942533650666844
4.536158861502566
6.1838838613297895
5.6408011778856455
5.585531764299159
5.76245713906523
6.11685102618692
5.645530709511842
4.693539979104489
6.321921067190694
6.151389603374035
6.168383305176473
5.983100367919851
6.84988972017991
5.791356008438724
5.23951770574309
5.971922732211045
5.867575544612357
5.2247073330319935
5.522615091969307
5.5280760991152675
5.269121539126806
5.740310361467035
5.642076086810187
5.418080872722497
6.64968271414665
6.849817366706517
5.632317967907692
5.898687058412953
5.877922577702741
4.700316130601102
5.599681936425963
5.138647474010275
5.3767113201065655
6.639734030130196
6.189644504620645
5.126062547491745
6.077298745117101
5.190843552115464
5.097386196753902
5.341765001512673
6.451382253504331
5.429324027616975
4.979057495457345
5.371743576990141
5.85915880010926
6.293197154979023
4.767836699417401
5.329082011012192
4.807844959212229
6.300031542032393
6.230918228430415
5.672621627918192
4.286657345349337
6.953919035848493
6.918145489072302
5.131059135434352
6.282020716171587
5.309863572330578
4.904779082751153
5.932030081550348
5.67993756821507
6.861613952449417
4.910690481834141
6.015654621943696
5.11635588664722
7.099074408040348
6.102721267103448
5.299040398254313
5.077619526823632
6.755476489742744
4.513558079802909
5.8964586892771855
6.884489096051766
6.645557073634773
6.645977948170884
6.920292668793007
6.800107625578999
4.960246196463723
6.654100314334624
6.731049381304711
4.471853002208055
5.829004774013351
5.9741948968236915
5.84302509719932
5.707424502096604
5.60585861908373
6.225806922967596
5.706170282586378
5.796689692502788
6.84242273673166
6.71623142422181
5.877328418923206
5.300794177415952
5.465052249250332
5.095739577385832
5.433718376508395
6.036283534760543
5.433200589010241
5.071316960951281
6.765023228215728
5.704234941316624
6.802957238639166
5.095517436726464
5.492304796078397
5.518873133396607
5.723397311700214
6.003265207220293
4.608174306182665
6.928954829243054
5.436769042674229
6.065931557229291
6.754522955958699
6.959290028334163
6.7559042650641885
5.948441141282423
6.819281425857408
5.742623815939583
6.658414696362961
7.055252975252564
6.51850220884398
7.102092751683209
6.755462105226755
5.194946487497255
6.755640129067075
6.956713046622898
6.052802436274272
5.870849026282878
6.625710912970682
6.630119893613312
5.553050218653333
5.687081506746054
5.534143893494283
6.483837900073709
6.73973586255455
5.823188840099995
6.602993024670788
4.901066058503693
6.844030081493912
6.253129003918744
5.958907086207866
4.517238696226009
5.423811761757598
6.642396781754329
5.5078237157409795
5.643664587456616
5.238700080495388
6.138426068659754
5.604953542508426
5.7048491657625355
5.671046891146469
6.396931374365064
6.627484843582714
5.646014344323191
5.823483438509573
5.840591856301561
5.721568702160166
5.852639386563988
4.2252056807384335
5.918428051086231
4.897477826116514
5.067680812617507
5.202187408919073
6.08491712144437
5.460904615164862
5.857784347205211
4.841479176529882
5.0094063347473
4.974157180589341
6.800084139249243
6.6864968875368795
5.371677146224739
6.71552231928802
6.742844765698113
6.630641891457863
7.060152996197544
5.246704715287109
6.197396510892617
4.90883073232148
5.138442640485538
5.089710758221159
5.328722035869264
4.522641517946891
5.127133356213795
6.753636464496232
6.398316809044086
6.895293746625217
4.9870456353774255
6.363593712401077
5.799256668530372
3.6641668099091955
5.433531609595169
6.9122601415345315
6.84662573459423
6.649577173344131
5.844552499443971
5.458531977987867
6.637742110564332
6.489740634452048
6.02718885928563
5.885565795796108
6.135791406683076
5.383903843726969
5.873717076049408
6.118053957478436
5.172796685495101
5.746992864150574
5.26325214858994
5.909717728621976
4.571413961213327
5.86983450599276
6.109277724210781
6.844824055259625
5.849700508369448
6.080766658740252
5.997395405405783
6.202729272931386
6.312688243323745
6.805606096380593
6.040143827080069
5.7626190819097705
6.641503451467198
6.8991409418717
6.828329822332293
6.898440471117496
6.6772013477860455
7.057381481803542
6.0458461478532115
5.268202500668156
5.982189706395879
6.398499063126572
5.892409718077525
6.57644633380103
5.182361970833849
6.227171150643578
6.395974979753067
5.302874807337648
6.69792440440191
5.545558380127684
5.5454801226914086
4.954044868268589
6.154826015901527
6.020598296372315
6.075516926028278
5.89001172612566
6.109289320363075
6.322675551773962
6.429534386873215
6.3524653642344155
6.299976668563183
6.30402920038928
4.392877985943262
5.293377195070303
5.601124476225667
6.0582763454755515
5.670408206638687
5.4534658675802525
5.733057140582414
6.157165015971483
6.057489661994509
5.917174738510941
6.606036370758371
6.570919400305513
5.937306885567317
6.27838005355207
6.256212659784811
5.507964988065865
5.716296930127086
6.338369818967568
6.098864960161048
6.019747319394284
6.058942838424947
6.082873587492571
5.314310344659969
5.985215509012626
6.015159461370327
6.066975587670733
6.865335793018225
6.385520313993183
6.693834192837876
6.845710333014836
6.84645324661043
6.616025409342559
5.656181257824047
5.827347771024115
5.431648254055496
6.098914573454476
4.374700004388355
5.066535924447011
5.854560640029497
6.184133343765744
6.398249384753289
6.067888777732577
5.4269717509165964
6.433792160775134
6.917806144660307
6.868176331883721
6.757709618527116
6.461922969384711
6.770866663670969
6.760173767769704
6.692243316123626
3.6641668099091955
6.101640920526663
6.8605320209536025
6.714067910610957
6.812321138034893
5.011889327822081
6.822965359209412
6.576370091563593
6.534086735376725
6.554081012620454
5.3869853837664365
6.897867503981665
5.3334253430526815
5.997801186123372
6.2957448580770645
5.810443127232119
6.122195853296017
6.332414500187475
5.632622980753503
6.278715491481652
5.668554326951586
5.434091241665069
5.360964947917074
5.600406447195443
6.040574319965202
6.735472713876689
5.260426698125624
5.801092441019129
5.488740930325317
6.282317471678812
5.558804992756459
4.979344395271344
5.2729013713262525
6.206688572268924
4.916555441842656
5.272898462122281
6.702561115347265
5.592437498283623
5.845488172834477
5.227077539553118
5.675269862821114
6.881829084047364
5.020893237896061
6.171527324425593
5.112679279758574
6.293334983112203
5.928352940529058
6.170917680881557
6.494791864314074
4.843982608454523
6.864479694779657
6.53318855408353
6.746334209097775
6.841741239851924
5.640530103174514
5.113406951397327
6.559209529917581
6.195728893836339
6.341359052872221
6.89370891022088
5.910913810117794
6.736087175983155
6.38423725287991
6.862170777772803
5.492753579824786
4.809094520694838
4.866140873823955
5.922885166799794
5.354733174773351
6.390339605358218
6.555632176460726
6.5565640536951655
7.137938034732439
6.433518958411799
5.932540657783003
6.321725420621542
6.8580064866572314
6.890270723463356
4.175331008176755
6.517176309171191
6.363437713130402
4.853290833438448
4.722562893673274
6.8679624411917395
6.771131726895337
6.267845010886408
6.633406324631839
5.4552110453447025
6.729961656094062
6.363873043295129
6.763437148962293
6.751999053145788
6.897724707054881
5.732913324296717
5.440729673083027
6.179483344445263
6.897982597853215
5.8912494162904245
6.867912960885626
5.7221113640481605
5.1974093255762295
6.163662161350146
6.754488542391741
5.851249626113617
5.3655874116935
5.671512608606427
6.434508786328658
5.817542887159458
5.909099184506488
6.936794104240697
6.888996763018621
5.534647251973267
6.694435910945003
6.750267736428771
5.99888757897568
6.46207469615603
6.455763607304583
4.5123460589933035
5.706433463951896
6.540733690806977
5.361048034895527
6.8272177992951555
6.840592279386989
5.811748205309385
5.6587074629921545
6.9091283582298075
6.825389459250722
6.805096606074734
4.269971501930419
6.874485871492645
6.3751699833989655
6.699733865810629
6.693997908349015
5.969696128806547
6.51433394495616
6.847431033291617
5.624454542147625
6.227222791777276
6.006677161980791
6.740707080819732
6.892957906864787
4.650189477267062
6.823514947186418
6.634618134406654
6.85120284191882
5.688116352352374
7.19008575952126
6.841223723671028
6.871868328321906
6.9054610083721
6.020338571329443
6.9388594382447195
4.6508077074903795
4.903336627371676
6.759060751003954
5.50401740119057
6.883350255044796
5.86839067782639
6.0871414848644925
6.411192863702269
5.07943108683585
6.637413261115007
5.60114918238766
6.936466201653936
6.6749051702582705
5.757028089232316
6.752373890381971
6.142570608462567
5.73612544353162
6.493945639927887
6.496770074267928
6.3786835829026565
6.457014509056652
6.354587450858343
6.698701289679839
6.862875001134576
5.877257495197073
5.905442398232353
6.64234148774765
6.05452108846697
5.684407044571067
5.59373441617109
5.801152843461725
6.547858408201055
4.904212192959278
5.850675084075345
5.620711466729009
6.2766378269606875
6.5535874625087445
5.014846921084082
6.9373514038129045
5.329400079080841
6.103010135264068
7.057997280289619
6.373100344966314
6.2405214286109185
6.739188398421419
4.763302641122465
4.999932995183574
5.441253734393413
5.945457384527941
4.930847244546396
6.196726288009948
5.71592160386021
5.811597596599924
6.4550508480001625
6.16289351427114
6.191694869064271
5.955105948099355
6.744965844813947
6.807553735489407
5.221011620176252
4.847096911358564
4.968213130561747
6.319037913450936
5.575333085070998
5.754290423171444
5.37686435693298
4.977253119100965
6.133770280330715
5.333607120382855
6.73831841888299
5.82470986281696
5.822347691403889
6.1985348813651875
5.842168064638901
5.681018123950736
5.4016430230017995
5.981278956818038
6.630919522342584
5.537834011137125
5.3184891911400545
5.8049885266531085
5.8039771375885145
6.235080046325633
6.2577028619122075
5.662131000933163
5.647215752829073
6.470156017742255
5.539004849543744
6.238319717549691
6.072215616679845
5.863555213181332
6.549604331401326
5.579638628805361
5.976289773290214
5.372136597769103
5.4288392029973735
6.515098907171863
6.11394219820337
5.983171672568496
5.241550654233123
6.28372878699404
5.671507433646555
6.241629942467906
6.6555679557632175
6.935824046958551
5.781988926637634
6.22723793530389
6.196722131109151
5.969202908527496
6.191408805335069
5.630694830718447
5.552358050445587
6.259039705026286
5.597200174977651
6.175684327737457
4.856226027748214
5.061617685878563
4.248854218142636
6.14411610607511
5.336818821172326
5.563981551502266
5.29909594846135
5.73065911143607
6.262359199384502
5.31113926860122
6.62860579791494
6.450595516895508
6.077363248484758
6.371292055502046
5.761701030939971
5.046332670730102
6.788984580330613
6.935501886981061
6.93948326252243
6.933849365428564
6.454360568104228
6.933476001178114
6.521351986100612
5.896218484786903
5.157795077639069
5.343843241018277
4.378131245240835
6.266721798147973
6.750839791066628
6.139516429470067
6.175500149246698
5.856815407282745
5.541851149089936
6.870471161041564
5.057319117286884
5.1467213586388745
5.738926263980558
5.1040525617133845
5.602515217572998
6.85225485481234
6.738031715060345
4.49928778531428
6.9001562656695725
3.6463655374212465
5.88379639630616
6.525554111441668
4.7654217504703915
5.9663090659647615
6.743751239631216
6.976870878286018
6.551190102867352
6.770284916023339
6.7518540057472975
5.923675296719308
5.206081756200199
6.145757728647116
6.000119625388447
5.463129404997385
5.488475869714918
5.239422170709428
6.378027003836255
6.754304417128488
6.98427340877312
4.648878974343273
6.868559365575546
5.037639740441797
6.936152006716739
6.826209293526897
6.651652057173727
6.116486037287782
5.987284403317268
5.998364780492317
5.951384375757193
6.523374710537206
6.423187598190596
6.054357580624899
5.435780727296784
6.549283451113439
5.117911781463178
6.12805516587887
6.947380204668534
6.271162015523249
5.866565973646015
6.439595766092324
6.69041920556861
6.412083152220099
6.263802422053125
6.264700647849079
4.94997829345359
4.655139645712289
6.750323320854118
6.828385069139166
6.066046608105902
6.330623924824348
6.7438608047346875
5.292622013201575
6.635216407376266
6.479337251091806
5.421738221944359
5.792085111510207
6.936798895829355
5.52851843185503
6.267075680161323
4.335078477439099
6.051466951386264
3.8879742622863986
6.235267050681109
5.280564705857159
5.586943470345762
6.764970620617973
6.691938847237303
6.567875386180873
6.8418998459544795
6.890043335921078
6.766858975469553
6.860443819335085
6.874026356190317
6.687956573754111
6.05579740305075
6.1568510094074345
6.401810053856238
6.277445036963513
6.207600411690551
6.377435842999439
6.893910107895692
6.899120098719045
6.758593082442637
6.464608815890934
6.289407513749035
6.068454637105011
6.433570576855686
6.14472041721492
6.6754720519296775
5.359315029502358
6.938568664488912
5.779688586885772
5.999261750914577
5.2069359943610785
6.638668880122893
6.2054509548915355
5.5627639391452774
6.531668545680924
6.575340772031186
6.19957824468062
6.317890104908981
6.251594427936151
5.874441034667349
5.684697407796509
6.401829538736434
6.3432561737850754
6.755323181581744
6.843910605603231
6.8328013801092276
5.100682608761701
6.806329106611102
6.733648971117251
5.216719932669765
6.7705311225615645
6.563782430737369
6.62832938812894
6.661549065512723
6.53697744786551
6.845236359501577
6.635053742040384
4.955481876508259
6.851488035111668
6.803153293775868
6.909701737693027
4.851073951537668
5.854611394813382
5.876892533299019
6.628612529818877
6.853527528318153
6.867492869964899
6.944183181297067
6.744432478723841
6.488085995344004
7.100050932232055
6.303772130793586
5.833189417409688
6.0675022059716
6.9463108223623955
6.257210311821552
6.746238706162419
5.312729639031653
5.6098328518430876
6.880497597772809
5.955442004913223
6.920309912675709
5.690477398187978
6.486117607287708
6.880410615465699
6.7169586152585765
6.97672167590008
6.935821297101832
6.745071583166784
6.766228113655188
5.438020683861964
6.750175316727464
6.288604780394728
6.5189663790770105
6.635427398377097
6.884872288576798
7.052347638514036
7.192106973135765
6.909073906196774
6.442793233930182
5.2924326928758045
6.757220581059244
6.523996199383745
6.174819062319651
6.732402226666437
6.321540742439726
6.944236959179534
6.302374213473662
6.90928968774184
6.9404202307757785
6.753637827080496
6.94956652536635
6.340008011417424
6.922941786414967
6.94855021242477
6.128030773536647
6.402682235188681
6.4126958196060535
6.930934231187251
6.971330436817446
6.11940850803647
6.942567952455924
6.7573543931649525
6.934062934045983
6.830473510169746
6.512997811915092
7.0985350957521725
6.827056245891072
6.205542396981929
6.745335588442096
6.937567022736708
6.2106146801675735
6.309258174721325
6.643860261449989
6.804443683791547
7.052278283064876
6.513113233518624
6.132748245018881
5.705100305318325
6.860430315586768
7.062425374550351
6.9004571022473655
6.508874452826415
5.57794482370522
6.861082481583999
6.8672978864367415
6.1343731635659395
6.827899254601082
5.692621896604745
7.056855396260016
6.859502136993466
7.074446270796997
6.673919439265251
6.752203888469115
6.803343888437599
6.533481113219262
5.13897773497261
7.0974661861452155
5.4372542070606755
5.654071199343797
7.015078644551572
6.177003376221977
5.979431657613887
6.2803019250506935
6.834780287540163
6.251961897992501
6.184652579138117
6.235099280035449
6.001930497795765
6.606750675355727
7.062694913693338
5.54143851267661
5.509252052196842
6.515224786290744
6.651135589420839
6.356566750433078
5.819333312114775
6.968467731049927
6.798762885778331
6.813803958398651
6.719802284378794
6.736909536587504
6.297997181995491
6.25959083755323
4.804013266023457
6.585930428263566
6.683437233156891
6.485870056770214
6.515039952666179
6.685207726071027
4.597305538282015
5.760590263036512
6.12148293307223
5.714345845201791
6.819081618783024
4.941652384541996
6.465395531696373
5.5595989272439965
6.935013873008362
6.175913353510001
6.069460251167346
6.070768301789613
5.545243640022791
5.611666436847411
4.501569455779077
5.797036356788979
6.140548799819207
5.183781864811344
6.261378723112443
5.686931043156495
5.976628544552792
6.228737860641232
5.767418264635769
5.969601065520212
5.991870073164339
7.103181036803452
5.569437089583445
6.0754297325411954
6.313907899344716
5.937862738401666
5.28985275631706
5.7248182695392735
6.90235862924337
6.528504640488645
5.7793303448114965
6.721964574360932
6.7208272781453395
6.722408142447357
5.713385136678877
6.901600793092996
6.219232510560861
6.21825894758355
6.849034938443303
5.114891654359285
4.8645735507109755
5.803516906007713
5.3548348045830245
5.8282457230065
4.920889747434236
5.3659371281756485
5.991477043367443
5.884358145049326
6.42907564735393
5.8108584797833736
5.282707560892607
4.5455291509427695
6.616873396691762
5.516735228390427
5.770430103206964
5.76160093004227
6.804438432588036
6.141744032207697
6.7998962825984925
6.475093794978225
6.451890492360938
6.902219256065823
4.821228477130475
4.801563848929284
5.231864758750461
6.198970172156663
6.3456104896655745
6.06439622975369
6.02797032565838
6.489968472462959
6.511044348248635
5.492117698030068
5.714072013243651
5.359526778006654
6.38392217189039
6.4883970366753765
6.586542427232896
6.35413977418267
6.351327069038625
6.031596078150894
6.288535784843226
6.4590258737951025
6.641543639873191
5.704083262294031
6.584121802886308
6.828900841935134
6.796171881937074
5.4565574670691195
6.58735662530356
5.493619076797302
6.653579392622429
5.7764744944770285
5.701009892636055
5.095201476184538
6.7291585300239305
6.411930408103764
5.879755692558
5.681481449688944
6.723818234084916
6.7959789001755055
5.768769068990991
5.189794089787
6.266397761132328
6.251316924242495
6.702464338883139
6.636419268642296
6.269791842106237
6.742324546102637
5.808425596534388
6.631903041881291
6.721371729261552
6.900202892641236
6.657382824736914
6.456852058434322
6.636900139718897
6.738510420991666
6.625188515465169
6.623849269696343
6.895438767424526
5.890749916372684
6.900273609208039
6.904205429626096
6.797838892665737
6.005490364666951
6.901958162408668
5.321264479393761
6.159256121348907
6.718636994007568
6.620444472464463
5.556955074052837
5.276486022693366
6.488092476357924
6.298216318824464
6.722629203381423
6.093484967194822
6.89773790150813
6.8533570816059
6.18309094657231
6.41244213768401
6.854330168686648
6.982923087095422
5.207078564910978
5.14116410502762
5.66917883888555
6.461600434453569
7.0423840843960015
6.62281742124965
6.0502939856826
5.522848861032646
6.899072845206096
5.292014412189843
5.641902874873754
6.060239235004225
5.558634217537595
6.907160930085215
6.931803170276339
6.135160322753762
5.2567846739289585
5.035233015626723
6.58836991913369
5.675116281839319
6.330845584868285
5.773699226275131
5.993977341281383
5.939299263191565
6.694713548625291
5.3833253276051245
5.339451363981723
6.943765913582737
5.999765833469294
6.788990266483431
6.920156751355606
5.1087825664338915
5.682641911808648
5.143164255780569
5.796532854408973
5.27576089444438
5.920601178231891
6.537497139026712
6.63612526743762
6.317722829746124
6.096116063525301
6.217190873286214
5.108743950351506
4.798010426115319
6.622667586951035
6.360604628370833
5.635195078305864
5.495843568585418
6.938652095814231
7.047830326999698
6.342391540559884
5.754567130973628
5.229647730449326
6.911962394040863
6.219189420121573
6.273569345551866
6.8137310186031215
4.936315277167992
5.299098045930487
6.563467795382781
5.699202314675105
6.076559284769708
5.692100334270442
6.478440830308816
6.5729174634489524
6.448270249774154
6.652508393211285
6.540049692306763
6.940695201609749
5.902426883489328
4.892755462205205
5.6229063639660275
4.969034585156292
6.636854146428991
6.629502380734998
6.0478571302242425
5.8006695491962965
7.048357792769519
6.8696225186616005
6.8260086302608585
6.732875405538223
6.877793483260717
7.024766923117465
6.641516517825817
6.844365065418813
5.085206067009784
5.216782184249315
6.86792410703039
6.825488681746361
6.533634148391961
5.290690275820793
6.674577303550684
5.957662388581333
6.937267040047523
6.944175074253142
6.879567142106833
6.885247150966848
6.882130348292176
6.83060256050452
6.730461403069956
6.83323546065828
7.016663710280156
7.013813569602281
6.829638769013187
6.029370765245282
6.823400455199895
6.897273664531404
6.9416853835057495
6.940725235032637
5.616481654265508
4.857687063500165
6.981430326942576
6.939220406928754
6.949991168638455
6.870500975504871
4.990821146474495
5.415010923549122
6.1846360055474925
7.052147204360711
5.96432730538152
6.777478205484922
6.93564980604323
5.33468544191328
6.564590235200811
7.235900557691689
6.812558971813072
5.71180274216546
5.414620035635846
6.291204493291623
6.845052453148547
5.795503504701493
5.1870347282744405
6.21825395373132
6.508175183343386
6.264134565833466
5.298662310568755
6.845676114643734
5.202035698061664
5.575103146836575
5.771707113601323
7.136257797897571
6.644671279441379
6.826484045742447
6.523927156490043
6.230842698252967
5.023175427631436
6.178925301406029
6.486604708953841
6.685489709904068
5.371810085864297
6.089786883198926
5.680446032795523
5.696122318625113
6.0213369618274175
6.8172034823595276
5.223702200139913
6.466246770739776
5.939451579466915
5.643093876814158
6.3965876220417
6.541482398806789
6.983510326759358
6.628564364443903
5.636302510408012
6.465087973015077
6.985299981222141
6.359276940801784
5.91776656981699
6.302431242078107
6.7348119235845445
6.579008071886705
6.181931749743029
6.789289615878047
6.225561255179386
6.392937167681971
6.380048594473774
6.586085842154787
6.346311052926151
6.601893745998236
6.311294532211026
6.524486921930276
5.262095143682767
5.666133064711925
6.0355205792855955
6.741131428344868
6.119543289172125
5.147041025872063
7.114975078723873
6.012599064733376
6.625895148766723
6.842489462796365
5.478173320815067
6.705143884632637
6.853588763043618
6.943556882882444
5.505741262070067
6.956048103607209
6.536558112243718
6.485698693949583
6.087243011173804
6.5105778300073816
6.50884387083698
7.102037027630047
6.257322538423816
6.704219541466422
6.29920937978352
6.2003306227323165
6.441123458742037
6.1787527631608725
5.9478252420027005
6.757952409105826
6.865164007517727
6.4825392550631165
5.892606977827967
6.7391065907560765
6.938432437641723
5.069656707825125
5.125613449374114
6.212934084184653
6.680278457064166
6.736180996743471
6.956693019587178
5.392820037408718
6.962784826772904
6.725911419557303
7.059297801091979
7.133601005143547
6.9411245464660105
5.814072127638788
6.776158960685674
6.98753155055082
6.1837484531310665
6.49418329018938
5.346065299459669
5.405796027862124
5.460828349240817
6.7973159931605025
6.756438530941665
6.74399752521996
6.748831212575837
5.692904758989059
6.822391360856297
6.783248330290441
6.978477432721917
6.858276388427523
6.9029241332818145
4.619930283403026
4.619051846771612
6.725263305610188
6.943350523227259
6.983244783770882
6.898407234021796
6.422568815204578
6.401197410328823
6.6307348069879986
6.912856825519615
6.397802583488719
6.896764489588392
6.916276709721416
6.853342384633642
6.858845458642392
6.7925600006970335
6.79156828593193
5.9234430402031215
6.943246757811554
6.942750549674294
6.676765574927678
6.675629880925243
6.642856254823748
6.717537669123967
6.857343545426112
6.670501269700033
6.644860841728779
4.749657530825544
5.663158552717588
6.904993323403971
6.942609908477053
6.983829140144184
6.912716819529976
6.859879949633935
6.785725843093807
6.981957252107936
6.912611528561246
6.900905570798134
6.785123424883917
6.943110083949762
6.899746117927144
6.855332243231096
6.790263829207433
6.657113670517358
6.627746176759835
6.8997595620348235
6.977420282154881
6.678385459236367
6.916287163484984
6.979125803222807
6.944639649209446
6.943416342761566
6.902624289221546
6.913461623051855
6.986188932121266
6.982389695243178
6.353044131632778
5.445223029110654
5.35990099570652
6.757486793024164
6.900182277517779
6.911280765551602
6.617761840198327
6.56211628262092
5.818654340886514
6.942060305489306
6.542678517097723
6.979367423737685
6.853370242378261
6.896386691159741
6.097995212035293
5.917967004693626
6.844386573568691
5.890554102900431
5.9492331363021975
6.919096044421302
6.901225574776895
6.851501333061876
6.9109061050439955
6.946480603036939
6.907657628381784
7.0418406667352045
6.2966969630394125
6.855652264558387
7.036536258480176
6.904114279734802
6.9051940833229395
6.784920118112048
6.816107432202152
6.454226818592829
5.964237134202726
6.906549682585258
6.171038148352277
6.438338048944544
6.895540279396535
6.9083273254239685
6.788755611747632
6.943733168109944
6.903938291380978
6.9059226198600605
6.915879195386374
6.2134517600059205
6.350327368941464
6.699607495296746
6.913228344467818
4.97847109401736
6.719959116426249
6.723799322874957
6.194781249347319
6.695070013138086
6.725462233144668
6.8124574568928615
6.426883818112486
6.898944405574898
6.669783771979446
6.7098339042270645
6.648792903607852
6.69391549636914
6.808143263556005
5.682708006292925
6.813809882025293
6.245457959580783
6.693166772889221
6.919954416646995
6.906138177275331
6.898271128900234
6.990047853479467
6.197820215008136
6.1506035418659195
6.721622751685278
6.797613887419779
6.116337778019435
6.243342670739871
5.843957169355646
6.780865738007098
6.987420492541986
6.475435125926506
6.9161511582242525
6.9411626289139505
6.9032759538649415
6.619214553996461
6.56196083227487
6.486128698049555
6.698368243078519
6.453481549133986
7.0377322527526545
7.041381489462754
5.551805929171785
6.647322080499951
5.194169792167159
6.376106930860431
6.311656729333361
6.793581839152026
6.513234986602278
6.548104093398468
6.878545131761172
6.879554583882719
6.803403420144079
5.869287097651956
6.213763460890316
6.724246006203117
6.808362358469228
6.517360984543352
6.41541157355778
6.561693006273643
6.905509277362988
6.919694022922414
6.942480928908402
6.902566666737098
6.20926616333027
5.984764150052062
6.412035100350582
6.052428149914427
6.687765913668855
6.920349883762196
5.274562816759863
6.035236455832887
6.8079506382307855
6.695229076442512
6.902494427949886
6.693589858131752
6.524558028066764
6.516191837076196
6.54500897557628
6.444599798340036
6.757385309444764
6.114650840167684
6.615715727486993
6.2595152531292015
5.7674064402595135
6.093369530685944
6.698471116006324
5.408491439357931
5.232233567687695
6.07164541394522
6.1953768140433425
6.526800809502976
6.560785268617035
5.956371172759422
6.4491731158290655
6.842702945695564
6.844508593199649
5.049763457030464
6.843376303051098
6.456358687965793
6.633778917729959
6.756437199201926
6.513906523387526
6.6724707214215755
6.678173314657208
6.270113173713122
6.237055824182205
6.7915208522731945
6.647071309650073
6.756785676805507
5.835392347132661
6.912432063973423
5.476812066812954
7.01433729760328
6.679706697511918
7.097177198513158
6.893786320909705
6.374424003640126
6.368807560365273
6.000414723638219
5.670267259508563
6.041488227797625
6.832345136575498
6.985435251567104
7.082343353559253
6.642510604742057
6.742129535549953
6.690348806211077
6.979637305948838
7.016924684944428
6.8315149463224145
6.815902925914152
