4.5089981533838035
4.5293241915689215
3.3182546756434412
4.59131793649177
3.9402516351699113
4.594535225442819
4.412233858305747
4.570513998908519
4.585939273019347
4.691901040994663
4.116312545582906
4.818307082062928
4.8653922137172305
4.687699130659169
4.576649218830198
4.364720190369072
4.70534448315045
4.4971219623900165
5.00501271944581
4.785666462253458
4.502095279035544
3.764410198321574
4.502230962928181
4.182072611934057
3.5656767564722216
4.63947355725376
5.4787945968512055
4.41120497468898
4.714798478310259
4.071528977743945
3.746821921063507
4.726040841245316
4.607906620772312
3.362612438327428
5.10444026208458
4.9399429475868
5.688880953243963
3.997193478478282
4.805170311909942
3.903900599385892
3.3178600438827477
4.724245036012379
4.867660417812761
3.3990119120724955
3.9462812141706323
4.640082830584898
4.69282441114321
5.06083277518662
4.045326828263015
4.417370654004094
4.400097082577492
4.015387890700223
3.970202548180435
3.8382903605245478
4.552443649151273
4.213811842331518
5.208449401054988
5.504132063094023
5.039007233479577
5.380153697007593
4.733207623482617
5.121533669580796
4.422595181725317
4.336299152844955
3.984435732399925
4.825741573703111
3.0877121881810865
4.1988204795143265
4.742271379671013
4.622273922130184
3.203169329311521
3.1342385155354737
3.780492144680869
4.498394142259144
4.671339943103055
3.9718462735782936
3.8537326739192057
4.828778477926779
4.811492327026183
4.613631427670114
4.4768454541592835
4.356486034576703
4.878141476677243
4.358211605188748
4.447172295083316
5.8009868158797175
4.983467222941634
4.522544827428577
4.116332268780869
4.8373720928934585
4.513434524234272
4.437979971811517
5.134435178774604
4.232657472313704
4.50814504504822
4.469661624867538
4.124317639633578
4.564645550364073
2.951537628686143
4.437807830540052
4.994009796597421
4.5016405572585185
3.9255148171878567
4.248323198293837
3.5949834224136588
4.7249837458291815
5.0392256169295315
3.3297471762698905
3.8209337528443506
3.7750962905814553
4.586786606203283
4.530500350005173
4.386365725267828
4.630845676242119
3.337765588650253
4.032665472462277
4.442762066311488
5.508364502002717
5.0955459588371
3.4768250300624644
3.8562464997740413
3.586046281473715
4.8070855806407415
4.196237723208256
3.9256739819622375
4.737903059237164
4.656448996638236
4.244492210254785
4.267437780891099
4.306053801177024
4.923936090024345
3.788928153010257
4.304718865704526
4.149713275859174
3.6629358699621513
5.268076210758309
4.756052474537007
3.8857954692142336
5.2910533469347225
3.215136331160485
4.905832800792165
3.705687242322874
3.624498645069977
4.814564364682047
4.323251610977316
3.528886925602915
4.885251178654071
4.3246472964661375
4.380373763123519
3.400247983922343
4.32790849185394
5.191319661600609
4.923649004298074
4.949443021912877
4.691647680757416
4.94823552500004
4.865643929252467
3.819714628151573
5.15236859452369
4.789218970512174
4.517875615129963
3.8925946296389675
4.744990181554114
4.123463480726464
4.6838237807669145
4.757741868764096
5.39207893788555
5.049491892093252
3.870709294940802
3.7133492321853723
3.7770499509906585
4.105864229408388
4.870867639965709
4.020684709338074
5.324664146069887
3.890293870487504
5.480023081290419
4.910279952598103
4.052538150274085
5.034132679546236
4.781040303969286
3.944101706943723
4.578535927442038
4.170677723898928
3.90467038398646
4.151792204680987
4.756357214739735
4.926494385119124
4.346270867864728
4.558786877707385
5.225636458216906
4.997617213791951
4.784991227134217
5.241757265105566
4.056319137690005
4.096365461730528
4.796410809513931
4.030476956426821
4.884365857427168
4.598502295194653
4.503393263343062
5.0809016008142045
4.567203890078778
4.666311417934885
5.226944737150863
4.952546000599069
4.600375912914096
4.9408539416492
4.246756127786519
4.098026265841254
5.259873636969832
4.658055520059616
5.04615984458702
4.874078695934109
4.053219418655914
5.170021718193546
3.8363855023245215
3.6490205834473954
4.224006506891392
4.368351049247256
3.8508624232494295
5.3976307169246915
4.155352462855092
4.842229218322952
4.068606473637896
3.2401742314583615
5.462057435893776
4.732749042369246
4.158917430069648
5.40745072584108
4.6938127921939135
5.247520283015687
3.377039369776968
5.335736431026438
4.551352135454538
4.809721186257768
4.148636751819607
4.730443557604129
3.6818751876445113
4.592459421752984
4.689851536975407
4.237327111535574
4.3687207884593455
3.9396992286910386
5.051562412509595
4.604643145696915
4.201305954903303
4.407046063493009
4.886842828653023
4.424078691720013
4.60081418795143
4.178994769428147
3.908184574685146
5.064453476613647
4.341320384960184
4.4084112895691625
4.377088475467488
4.400969556888766
4.387960810977724
5.78567199220006
4.666925129148414
4.563458364143784
5.331602405034506
4.462141286312857
5.162388795616927
4.557948238251242
5.366617274167414
5.1461650678101805
4.773858933047032
4.931778567403869
3.849676668869048
4.923657234890355
4.526133981521042
4.539209885508823
5.231926457941695
3.9683689107879196
4.679875141662796
4.749564627193363
4.746861237134093
5.313162270741618
3.3537566674941743
5.155655509628033
5.140728365051633
5.75652002128961
4.442928383347221
4.990361735106518
4.792095120610549
5.1746479605777935
4.899787201312032
3.4497515682349693
4.833463739708247
4.865565941690914
5.269022728716305
5.417768873337584
4.139663020486562
4.214329429609645
3.965468756768967
4.175554846293686
4.616024375065981
3.9471098148035235
3.98211773056903
5.124851138025033
4.444033772978752
4.446857126846915
4.801074964767128
4.77317290794174
3.7107672920671106
4.705708140680912
3.736939827076826
4.87069970929687
4.339699724533734
4.606842865216784
4.264179057227253
3.411538917886057
5.023212885702321
4.766400946076828
4.1744492315889055
3.926555846306332
4.1268113248186165
4.404930739720989
3.707933738348281
3.423029376212254
4.491823825912046
4.571279340342274
4.495917054223874
4.880016581898566
4.2892038301384705
3.0505817069165992
4.413393038954094
4.3867729093758
3.8706233894540354
5.169535975479414
4.514000866424903
4.090610452732074
6.2066712214804625
4.5532868545225895
3.484795605745459
3.263774746752258
4.0935965950100694
5.087529932804497
5.006240683625068
4.466199098188509
3.7414076102141216
4.05936203348158
5.431923559706455
3.549597070791993
4.383567776086704
3.090629793742366
4.270312665301926
5.030807389068453
4.473810182797182
3.92579617500952
4.861798955134608
3.958487796644622
4.116141422658986
5.056204565290356
5.021480874356353
4.971453435200878
4.635690008386426
4.774637695836681
3.9749026653191777
3.202278208576743
4.336245659793752
5.341150771177361
4.608021433564016
4.82048359036988
4.522617877434028
4.127308119042867
4.544205979604316
4.225113104804105
4.049075524716887
3.2494560965608663
4.594201455254193
4.985235555062079
5.0088728535160705
4.596768143917199
4.2599303232503
4.607632877003381
4.146479742713426
4.852595605531404
3.9380910535209175
4.319726271758421
3.8910282423639977
4.516423775238538
3.815784873754298
4.846086752414365
5.081122546154399
4.987921981177955
4.753493125226832
3.527982114293284
3.5773539248091204
3.716892862239451
4.729836675629587
4.723444192573574
4.870664730733672
4.687781200222187
4.794643736054493
3.9224885711409936
4.515581559142335
3.3018118313749785
4.906637597326224
4.500854429583288
5.10342294260176
4.105092553372781
4.452558327889234
4.816838455385522
3.746317812079411
5.277271405646868
4.17066723998324
5.046158953430085
4.523961400935669
3.7453630363165935
4.46517031933638
5.187148408911106
4.5238373591805505
3.6768968854659043
3.9082549820700443
4.462958166660076
3.994133909414149
3.984791676241194
4.2515979648824285
5.188226268452707
3.597806367986278
3.9289546414732257
4.589095822955844
5.199029181781524
4.452152342447922
4.440861953614572
4.133403428827208
3.323413975936216
4.061411612245413
4.680036353621194
4.5738701003820665
5.005604038745636
4.448711900189309
3.35098167046816
4.820964141229776
4.489382607633429
4.391553850577761
4.524074784838891
5.17581675409777
3.1888164442136997
4.569162018803599
3.9669315886218826
4.218976438635767
4.157845245101175
5.11447924190432
3.7713365783738695
3.8188419539849328
3.8218880129144317
4.539558149693825
4.2264151643489996
3.4869303569871377
4.1443317390021654
4.184337725425836
4.892191445705546
4.024971504322348
4.591580198161752
4.165134271209551
3.8017825257431728
4.678915339580353
5.374314325186418
3.9890022642582412
5.553640901782906
4.501807817600053
5.455946779831802
5.130164427878759
4.652021743535467
5.184313337336395
4.55809190868483
4.17840541365015
3.6486843874275365
5.116335794319827
5.0637206394396195
4.606979342714284
4.844026071531033
4.477413716839459
4.544652072945976
4.240536424346175
4.734656080251719
3.8349098520432623
4.389390601575492
5.040366752474188
4.8381717119013885
4.630452445450622
4.00182376493682
5.075352325217473
4.417685756869663
3.945835677742201
4.768075670899933
4.341586792027291
3.9097465839396115
4.4634446422598995
4.042014949828037
4.547666172993292
3.426709766121437
4.651389839476229
4.40536089673957
4.240563010269597
5.448164291152981
4.250916061532443
4.383344521953827
4.144148567387322
3.9637546092686815
4.17593596199856
4.968616917317927
2.9283067970422128
4.798003220273159
4.023861649746436
5.688630960538841
3.8026447517084545
3.5876239922450956
4.660716862527515
4.839294865785568
4.56173187439315
5.191788358216568
4.884668334476867
3.870134531027979
4.071308730943311
4.221123168758588
4.704901515046105
4.706589257035599
3.7366632589582593
3.4053629490513657
4.8405424149712175
4.810505018797299
4.071638995195443
3.632411662539992
4.336560996333894
4.849078710088879
4.3080229010893945
4.644119526149922
4.12789665102904
4.05430909172977
3.419401869170377
4.340709199894668
4.063105897538577
4.28942639345145
3.6171517813301435
4.096026822643131
3.9099670591268314
3.388675161659144
4.713644408819903
4.820314212051496
5.241094143855918
4.316014398604075
3.9354705793617626
4.979179181402694
4.970073303907645
5.425209939752769
4.5159691500306725
4.902396168003767
3.8842202202852665
4.215631688975632
3.507959649135703
5.685183907663582
4.831206782099718
3.749253467047172
3.6569989228704376
4.744389621310383
3.750854590266952
4.466164235869103
4.598813475919918
4.7086398114459715
4.33611424310201
4.253064182824083
4.2850600775770396
5.4146365314922615
4.073689405133528
3.322591209113357
4.249958356434924
4.638512052125844
5.161130326995021
3.7021884896255948
4.057705125302068
4.211939267641659
5.217165418587282
3.9605004571006575
4.353516194772547
4.3419232955886695
4.488460202351938
4.692239923580409
4.209922392343508
4.453095682778098
5.047785134823503
4.370660366225568
3.4233626324007655
3.942248062580088
4.502897583835601
3.593957792460211
4.158820457276512
4.378824585554163
5.632166523777528
4.689007328378157
4.531467058319574
4.707260059878669
4.9234421265026995
5.184789195222962
4.244291622973918
4.482545398860768
4.3365051106590045
5.542717082045677
5.1552983017368526
4.966023633198327
4.293903356333528
3.2796410467996573
4.485864997272767
4.294133697831352
4.504806122341851
4.735952597251593
4.872259105031773
4.980480546857137
4.863243096651372
3.999201172464643
4.412659250111696
4.863881124214323
4.174674865877423
4.118861323613972
4.672532874347336
5.264446075528708
4.304292193235016
3.4372689399918173
4.536872983002647
3.908203100652182
4.274946462742754
5.00527719731109
4.430284429652611
5.170387584783146
4.0877648830396165
5.457982633155769
4.037588346623316
4.520664096123035
5.173516613353744
4.313907150677641
3.386387800020147
3.9468709000658038
5.027942612286889
4.71388082491843
5.295556169949647
4.80681961344442
4.718158420298771
4.938082171966824
5.68921828813281
4.194847014565767
4.270983413885428
3.657598509175383
5.499575645683034
2.89095274708664
4.635515460273361
3.754361479924393
4.222154158630261
4.522923742211718
4.156540446142538
5.44093982448889
3.9423512371424856
3.7009960336045715
4.7433530438783755
4.546269220294505
4.927701544908594
4.586814952967288
4.1343236060552435
4.886081301210762
4.795239003169783
3.37742363071418
4.630542380539975
4.790510414659334
3.8357174818182216
4.406129859962828
5.304105403328322
4.706536810828084
3.442984990984314
5.548855729024307
4.591172640853372
4.642553484757599
4.486660507577513
3.9655476571643646
4.91037357674977
5.296407788891161
4.683627202652282
4.286418061184655
5.25039401087739
4.243238313922541
3.936923450202407
5.092177741349445
5.458713227344184
4.514784753575743
4.038290904991779
5.981082726885763
4.261998466394166
5.07279255977949
3.428198299707896
4.07089559641175
4.01446227711431
3.9154842769929523
4.7221419396827855
4.848543389673482
4.406940442269029
5.575715354681332
5.456079721935039
3.463189357981033
3.989696054722504
4.820847376517623
4.191673266475606
4.655436663570416
4.821118618607061
5.305769427506096
5.089905001071152
3.6651225660543396
4.514276653790304
4.289079401344761
4.37780875735649
4.12449969135189
5.018778379285845
3.9827966432967283
4.345102505323121
3.7520401265801375
3.9828071608945432
4.648681903435465
4.893510694759346
4.802716126034774
4.233451104447305
4.4408643864377595
4.696692520789394
5.698475124782803
4.886379127548164
4.518193997178994
5.201274439739208
4.202408570046085
4.408729466605342
4.869936987894132
5.309309479163602
4.466020901202903
4.656644205985838
4.111884414813627
5.121098224002882
4.1973491963800615
5.159372164567625
4.086144344775288
4.3223061851483315
4.345730930195199
4.893231993814691
3.7335626020321193
4.150148817735966
5.2667239043319505
4.105102773372508
4.912003526933525
4.501512437322079
3.640906627993303
4.54964038497905
3.5641363852434154
3.9952909190838
4.620393846773965
4.540142432838495
3.4340626781126247
3.0662861623390647
4.631392171339236
4.57680478030041
4.293874831361009
5.201814241300806
4.143550054363894
4.058827582401465
4.984759458027828
4.098490661973814
4.593700315581387
4.648022584609622
3.449233971666807
3.8948319398376814
3.531543118725679
3.796814913850664
3.4574178481452122
4.924910841938949
4.444658874887233
4.308368957860601
5.394616440205695
3.6355412323132406
4.874883503863241
5.122004599593307
4.473196856301044
3.7840595314996257
4.203330505307429
5.077166309242177
4.923237889478699
4.011428997774942
5.236573745603248
4.164897297585641
4.650401007994827
4.9304424339524555
4.319601906970846
3.9174232231147137
4.9477510208860345
4.845236451193566
4.763593453412838
3.36321422368993
5.585845063276139
4.769833310995214
4.848522253555043
3.9280999705798063
4.939856248660103
5.08639087507154
4.3601429319300244
4.135899818281917
3.2583968514805424
4.570153630326075
4.733399012554418
5.205482214591111
4.375742265137491
4.7193648370990005
3.6216351914439446
4.917705563752037
4.984438454265565
4.262916750786502
5.214322433358127
4.78230680025772
3.5486566222190934
4.196287488685634
5.697995303673265
4.842932500716408
4.747647722530065
4.5474949411553425
4.191512271339473
4.468126139320113
4.55398683879646
4.516655702769713
4.819856712259952
4.397219912327444
5.140170086957568
3.962923612060239
5.311381242305014
6.104234592588416
3.944572194112123
5.126152877757594
4.125530426612096
4.675446741198977
5.204842605734871
3.8122136413757985
4.540864502210589
4.062696690865026
4.792740257056607
4.164724264413573
4.467290037367274
4.625995568721899
5.038961258883681
4.63419341473424
4.732981445680881
3.699387537839119
4.564310955014745
4.111607117721608
4.48291460886133
4.621788454788245
4.525154365495776
4.841054229126888
4.013806676965624
4.933472347105827
3.6511902457969434
4.3284495314615
4.688999813401157
3.8720181665249562
5.193978691389077
4.8718228904775
5.1575631194283496
5.27305884640133
3.8761933698257423
4.494669160023578
3.593804963960581
5.156880562694614
3.501923938001328
3.693821360546629
3.667387078121033
4.7698838109356
5.022131233344156
4.246228921711202
4.740214720470865
4.258455730132718
5.35566335589413
3.898897666538037
4.415366817202962
4.7484775218838
5.228002345562967
4.836377861678503
5.696796652325077
4.59635718062297
4.462350352978767
4.869204421239353
5.315814682032375
4.6933192936451675
4.104613155017663
4.56225788113877
4.527038996655875
4.24612277602143
5.1084306176877305
3.860237115266699
4.146979587800995
5.0672687380930235
4.805323243963484
5.54971298701663
5.545553907801022
4.839346674012194
4.411701499546112
5.259483256322767
4.90917920806049
4.490081070256348
4.952645800825209
4.538361487552244
5.4778153463020125
4.5190989674209305
3.4803254164407775
4.455649162105772
4.494696283365679
4.182314322452871
4.516759375377024
4.069032098752373
4.062323411225115
4.065082625655615
4.0362914679873505
3.164906639475415
3.8659005129259203
4.982377721251694
5.219203107330607
5.55044734398005
5.138581499956775
3.9921616465597864
5.146085169458569
4.423267541273809
5.624082622308869
3.893176272816735
4.14024645244001
4.090143043415441
4.158634337619739
4.508629119791417
4.026439386727429
4.432932352645178
5.382944360987315
5.261803411104262
4.67869208436062
3.985979435435608
4.926035843113574
4.147838228400557
5.045751126045936
3.922290648523603
3.864419680520374
5.050932169947442
3.8398837899389164
4.389413640279594
3.959301404602428
3.969760906339731
4.813977380618994
5.395248925329927
4.241885710170811
4.746214141363986
5.046530639396472
4.961559374820919
3.7754785380948164
5.563456359667075
3.8601021472222072
4.533423412063934
4.730628493559998
4.570877848466903
4.503191521294548
5.6806655926798335
4.550549152232179
4.750146227576813
4.439035584284843
4.47511827602359
4.5501436642474715
4.821430222797375
4.90846669826886
4.974993453594653
5.108044296916198
5.2782290773042995
5.086819700115736
4.398255996672326
4.852650132781946
3.6728870318728326
3.9616136144679412
4.179283822079764
4.754730703241703
3.8238602462411
4.914545318596225
5.049707677388412
3.945788852331738
4.595583050250562
3.6709270324284766
4.660503164930816
4.421241505604254
3.4092015932143873
5.108611888804784
4.789753924498671
5.61661480076922
5.307720832046407
4.556617332191539
5.184979696259649
5.378413610744888
4.721281590426436
4.954309121890946
4.520856728208248
4.79429187186096
4.803630390491932
4.6986040657076025
4.258204448275423
4.415738596259111
4.126212468695519
4.639250515648401
4.18750463060584
4.545477806304007
3.3758860157212514
3.872067229561555
4.246619822789782
5.5268057418645125
4.662324393175474
3.9483509514691892
5.7481280502741114
5.537851979935866
3.7650647642483044
4.644427091131979
4.896222688708548
3.892586150731809
5.026164353939166
4.655083754169812
4.467680681549346
3.858818379381365
5.834205311506651
4.60047199164519
4.696449121139915
5.3193763164846555
5.1640055894507135
4.220130604687187
5.044797105190142
4.690068788301971
4.238730024246479
4.295535907379858
5.387053631907214
5.09907217783017
4.405138317374584
5.772012724108723
4.280896521388623
5.076723742882702
4.970642068309406
5.325388563174581
3.7601480495058937
5.237781984110914
4.366402634167169
5.233932995335998
4.6999706860726445
4.155406231591808
4.673362768644278
4.406493203656851
4.397030992494894
5.06081342636185
4.351310941843909
4.283871370361943
5.931951902453267
4.510470881928326
4.2318659995535075
4.134973914015326
4.57637414660614
4.842738125659281
3.9971934387465105
4.963375259841905
5.017178770969462
4.735964814250147
5.141292157537656
4.2151505533944125
5.379306898529913
4.971105725778088
4.217571909561723
4.260335418944694
4.616838881883998
5.530676360778244
4.104030795426434
4.7394115383954
5.035948856167936
4.9353718487145315
3.58183763411739
5.096681561666907
4.528988700981728
4.263046521592564
4.273810799933463
4.842199677622066
5.0383065188124085
4.032639577952203
5.115800163911667
3.669319873129435
4.819847040877622
4.466531274687032
4.809580883006124
5.101580567938662
5.738771893365538
4.251338039680828
5.488514559518784
4.978284971172503
4.659115614044669
4.67968849726611
4.276320277997616
4.606218391234535
4.732658344143644
5.310426076999104
4.71613968340435
4.291516806241246
3.153561306549781
4.221324700021206
5.46787240846162
5.104832998308561
5.6450707063813255
4.727905526118398
4.940368716680446
5.198875141294684
5.048478493792112
4.56733114896155
3.7498550770106434
5.261886539225207
3.8116969900739726
4.928499792460013
4.618981435593096
5.19547041460001
5.160792216448019
3.8593207944881005
5.378550596352463
3.955559539301328
4.880798925332163
4.988755113965773
4.940985464490016
4.272405229285541
4.103797830121925
5.595658146368486
4.909865598270727
4.316205646957945
4.619368564705006
5.726258655400105
5.062039677243352
5.169512013404269
5.4013022156265045
4.215637147610391
5.571631848800424
4.719593067239664
4.232991761415745
4.746017070876373
4.810235838758617
5.0522595250491875
4.101735723617301
5.0480239664584765
4.0413425578946995
5.3101900806343885
4.994501221774415
3.6569458045085277
4.404110840969619
4.173956355321124
4.774810576925844
4.829766294339253
3.541207006793508
4.236759856858262
4.102595676641814
5.544278430348253
4.568911385248969
4.341061692609111
4.730496490421302
5.718255264196493
5.075166741328559
4.081452284297946
4.73112317712679
4.0873765162407185
4.948259146226267
5.606297226878084
3.830013762559272
4.723519121606412
4.803811105591452
3.5672867134167348
4.914671875640037
5.208617246887776
4.312789444623709
5.263290183928394
4.669677811336442
4.857115986169951
5.133082025849362
3.8194185324238497
5.32161686064288
4.136423487815232
4.390746860948058
3.7009533716543377
4.424415077930561
4.632923152605674
5.045145335733292
4.143976840501747
4.8180231763647665
5.035423508078747
5.268336800845002
3.8473176966509754
4.818412481626137
4.905466662185278
4.674060245549777
4.306258057243369
4.391982353537475
3.956370841250841
5.668758060817254
4.706807523737162
5.675976377888393
5.069473613519886
3.9996013184347206
4.704072950578485
5.053775695942987
4.856002199405056
4.808789656083167
3.75718836310989
4.706233259577246
4.718160195696861
5.057930090179923
4.592712936982753
5.1767829907997385
5.014816057820088
4.552119387793908
5.8078253049264355
4.569778110536454
4.371968057531962
4.979415833093007
5.8787821418442086
4.505674869284203
5.738036897655119
5.422053171082268
4.284257308119793
3.4055682880879914
5.093477181253991
4.6769142097214385
5.3362831501054675
4.940041589367469
4.297519671256591
4.917038718750778
4.833025939274291
4.651279120341222
4.817448425546722
4.878626605021223
4.940521533903944
5.716043077899233
5.563936598030637
4.231535110581948
5.034544728581091
5.340681719365623
4.7624209009986025
4.242933767008305
5.095608851366567
5.761573194314728
4.235797286917489
4.67936243233161
5.120615498776356
5.282819450701968
4.749662094773285
5.482867431342671
5.20468270154208
5.221930087248822
4.983787458962832
4.661019241841085
5.175487995084119
4.120193732342576
4.6716418289597
4.699464833104383
4.751390088642278
5.470885507353891
5.052052229735203
5.688035558663408
4.722154955378965
4.773115246802686
5.074538868157957
4.513045232690622
4.646592702507579
5.089201414537804
5.576495220923945
4.373016457374327
4.353982444827768
4.621452300142167
5.280502444155438
5.201504116964134
4.699220820603628
4.025640495377793
4.36042847002739
4.279233152726434
5.205048794925446
3.7784386681470465
4.467907843407573
5.104946557289079
4.5450720179070245
4.900524843200275
4.1700539574781
4.86563055424244
3.7837487437670863
5.412683625758341
4.3431133156843345
4.666289927226838
4.440683421983863
4.473034647275409
5.097394364361204
4.3457702488754855
4.996851913667657
4.571637539755912
5.205379198978573
4.37129815059645
5.301716605584321
4.92600495387704
3.4995387958496487
5.224544921421231
4.855768818072855
4.896669507667188
4.415380154807286
4.26424191213648
3.353807008196723
3.5179738102007256
5.3235466889468395
4.415505604788322
4.889279797858762
5.135110245264954
5.0085065192044524
4.654322952209672
4.806899501167926
5.58398611563922
4.861167622712454
4.809624297609684
4.251832213571106
5.150473271926591
4.3726507080328965
4.465889009756939
5.003982821264842
4.48240101880897
4.610983120434355
4.18322981156642
4.531096932442406
4.700757684208016
5.308427980874859
4.465656371657978
3.031161820887606
5.543620468069129
4.412047467320743
4.884519096743743
4.792366783864196
4.060107475095734
4.145937339758879
3.6813564843064945
4.776195911684692
5.1917406733109
4.838724573951483
4.516654203827233
5.239662814207529
3.1379921932696213
5.4860818151373785
4.651994834153978
4.870814235679129
4.996461516557725
4.601458369082508
4.674645683951017
4.558691910084919
3.579519490428922
4.447466780340594
5.063661176112898
5.099144655032241
4.799858947958867
4.54195257088454
4.088044010331362
4.307822367402032
5.545474488136062
5.294223149877116
5.1535065486430565
5.054342038717438
4.538418001241022
4.888182988031982
4.736060698573176
4.941507538347423
5.343630341484857
4.787891872328062
4.88315641297476
4.511158470996795
5.318085336353576
3.959504917956181
5.006850362201108
4.531026909014331
5.387561824703608
4.851803904144241
4.302586831457948
5.347783396942134
5.197182391072934
5.411578227959016
3.703662722064905
4.047372584930173
3.652228961462468
5.279071434232264
5.348030082817079
4.60354428567037
5.140758471160275
5.138150763669669
5.243326838282204
5.5086665997812645
5.323799241321472
4.166944982471115
5.278155444242408
4.671638986334919
5.864724956904276
4.513381854885996
5.477317382548595
5.172861716664164
5.226323258358494
5.063420944185724
4.3316320663206564
5.034496384398842
4.632278634280301
4.528908868462064
5.452515844170108
4.8552276171477775
5.371037068600739
4.759192815637988
4.680096802918911
4.630843707024217
4.700378288253205
5.811527847092183
4.6264963890435595
4.938317034177597
5.111367570490902
4.61385405696776
5.454738620693664
5.309459252873749
4.659599021611964
4.419683944068771
4.843782514416812
5.085080271646888
4.83713855083624
5.470315231252485
5.109080345221479
5.292367787468137
3.795327439845863
5.1017578479438175
3.7844403087136573
4.38275180429731
5.005770776173851
5.174542411513523
4.205669098117141
4.704161042940967
4.348770074627579
5.7281930334332465
4.970954419965619
4.536677267231777
4.996236267932108
4.663900914907256
5.571768720545348
5.239378900425471
4.770918630849453
4.041704667229528
5.143966031061305
4.70510690401019
4.747756248540462
4.346539648787262
5.034789789918513
4.311983603653697
4.569939021390272
5.141792824120493
4.824824762813959
4.433602330509819
4.277068385230777
5.3639849772820085
4.407619340304581
5.362993804196879
5.0719367253325665
4.954074474655277
4.051668626776166
3.481064353003486
5.436558324931628
5.641964316513196
5.583784169830313
4.758046722221518
4.428191810585336
4.833802204635026
4.591766523297135
4.912059253835368
4.482447698270862
4.6230856766342985
4.402778838499511
4.90216736839939
5.44442697944759
5.0414619194371895
4.831726707902881
4.477015846387651
4.798710633523891
5.275713588606836
5.1427421985539805
5.030991051897953
5.611858497590443
4.330499442914837
4.164886329531926
5.631150724546533
4.63742513433777
4.955406213241167
4.1430168733348225
5.291564744328623
4.896839174893666
5.20577335570597
5.377232953805631
5.395744358338948
4.473840153298724
4.486426919258063
4.668649819956535
5.3709239697674995
5.081266608996257
4.7265859239933
5.458945105171541
4.738499302438882
5.404851277427801
5.35413092661261
4.953873088918897
5.010995582725894
5.241072015353348
4.633441248392494
4.596083030797843
5.086839664825757
5.862980410474421
5.315011826119305
5.038435830767291
5.303416277879819
4.810433601446112
5.063434341233629
5.286553585010374
4.406324787781591
4.867353557215797
4.940880894978859
5.684824243416198
4.996445125775155
4.047664650917449
4.764633000283959
4.986033737514825
5.9994516849689745
5.001880558221464
5.226313678001256
4.461217507457874
4.964687920010775
4.544781267913489
5.1501621537405615
4.816139521869641
4.956878902767539
4.404752865688485
3.995995636660883
5.831650661201609
5.07083288031729
5.89369231241324
4.81181698676145
6.001389263492211
5.707522457691944
5.481033910650414
5.031043444185091
5.562562163523658
4.9623976776770355
4.002692164608625
4.600927476677807
5.846431900862857
5.3229160199023315
5.1278598765864345
4.2061602468612165
6.182656221559036
5.156481035257004
4.810594932924724
4.891695863262129
5.366918778715291
4.290333637950674
4.624704088136703
4.8913069133089255
5.675951817133065
5.081484972879656
4.644098937960303
4.546429488820618
5.108402699706897
4.891457377191928
4.766273242720089
4.52880165590792
5.375224281825371
5.518307100137218
5.00584498606411
5.184872818843761
4.837812223635863
5.721852737044999
5.194352263733601
5.560287054450038
4.736919773934826
5.374923914052513
4.7851964485217415
4.927183274444932
4.71855559848332
4.637912641843027
4.828326804414342
4.922869807237454
3.7464768980687335
4.959827533941441
4.746769809255824
5.500127350246162
4.49379311976525
5.050899594306797
5.910267454250075
4.901314115990937
5.0690329497888325
5.279420732678151
5.918240606487508
4.4972272045522885
4.980970945469721
5.777482974274793
5.460729269065197
6.034846248070959
4.335788520618015
5.288930422050715
4.467528850778953
4.908156027015044
5.118183225881708
4.306873817621749
4.813725446247329
4.65850310913137
4.698806638054176
4.62135082311724
4.7404435215600245
5.407008619985348
5.2558222211759915
4.512556194826001
5.223477172475047
5.0738144487547
5.663688981555248
4.931899529468774
3.9610975906114128
5.448711659393517
4.460423589296433
4.787849522371495
5.023263429116112
4.743609778991335
5.440960535851525
5.1070356395603405
5.40108956744848
4.415562695111788
5.410401190085018
5.5519570212368485
5.986173857163919
5.071110149496674
5.092185810023903
3.7536019875963653
5.231640230813628
4.6618007946155195
4.391590542175059
5.387413531579803
5.98279022153794
4.593733873640737
4.896778411908672
5.324394253716516
6.5309855153339775
4.138485255204557
4.150097636001037
4.084977662018021
5.182282763650036
4.544853404229968
4.7016348793804426
4.6632470832454285
5.300870234501037
5.620486701316924
4.380147148488124
4.249469087777959
5.243485218149479
4.769900045074028
4.856676027269803
4.686066770194024
4.824617942582353
4.862528384133569
5.229037278756643
5.914983680984296
4.900696382295992
5.225172049700113
4.948761492837409
4.630429466235961
6.464509663951439
4.980368263354547
4.613190298337257
5.058279006604174
4.734442950910157
5.3258205089041315
4.575147542908416
4.752006247119576
4.047619309800627
5.194957336296737
5.552246263598358
3.4371090967296265
5.070567462996916
4.810043441339246
5.000205711202247
4.519037886857507
6.2526889785212845
5.275877255940404
4.991401934860425
3.485010357506056
4.9818439583626155
3.980746424416429
5.28289094132046
5.079685568380459
5.059093344474858
4.089933500224909
4.808784420042322
5.826031555086061
4.857310016485428
4.274547589476711
4.698501035605933
4.764579429617303
5.198449687523546
4.567088046150076
4.5972446168507055
4.3080453501135345
5.586349865581493
5.483129644238451
5.589099244108347
5.505135895501169
3.9606093904297737
5.551593526560058
4.7921493164474995
5.6430491665135225
5.428171489094652
6.09214022191799
4.608057972894306
5.328311869869999
4.228642339688571
5.4994126985316285
6.032228320123227
5.435587204526458
4.309855641959665
4.754747077526833
4.404561750078916
4.213371826088164
5.482410364169549
5.1085211058820725
5.564724443604609
5.497324380706708
4.789663867381009
4.949921349193222
5.962111610750448
5.099556739658755
4.057667306985504
5.222177359053244
4.760615725444794
5.119571492969632
6.351106069294396
4.904074559864021
4.265977620128847
4.8218860483981505
4.955954872289144
4.801824795056477
4.442767589269604
5.071508495569969
4.9069124649446305
4.642588928753526
5.272861932080168
5.2431636611461805
4.923384211230378
5.964995418029865
4.125570342095791
4.975809818247027
6.070948626263277
4.731136519655987
5.065494029647425
5.213583882959487
5.4427732762004695
5.006565863990332
5.701646404035866
4.622368081619587
5.166720611427067
5.529979163145978
5.146805050035642
4.101579538929187
5.421090316489604
5.0600257509989355
5.50797908627964
4.972268198515772
4.953037818085285
5.894379702902789
5.409869260920683
3.9900716749598466
4.474266065314952
4.846500792833737
5.314704130670952
4.855556980309178
5.407646452532699
5.507098875798604
6.001467229969336
6.1666119806843795
5.77936208794338
5.313646726485064
6.212855108715793
5.727988216218721
5.1455960556577445
4.689244311744684
5.109775082512343
4.571980467624098
6.073700524076777
4.917125221844536
4.745241981080294
4.826896730261318
5.789020077778588
6.272751660177057
5.354922132329399
4.61468499843331
5.928868356821642
5.326326119144891
5.084007802691657
5.325214242482367
4.88861832687555
5.196529658228155
6.22530855777331
4.7380544483702565
5.474421091346196
5.214643980476117
5.471324258189945
4.831415621097598
5.616158079702309
3.6518989494220158
5.662069913088999
5.017448982312157
4.988437855837475
5.570744073174247
5.998136352314358
5.89693547415272
5.745024877253414
6.0461607725927635
4.643191218562668
5.4194121990892725
5.936173379683712
5.879914081323072
5.042391787790393
5.816095857241567
5.046086441720263
5.122651770679491
5.958718380791719
4.894792310176793
6.465204594389448
4.951988334499582
5.409335643334638
5.176475985062066
5.09254091977439
5.472655737218311
5.091154562595934
5.436524651253697
4.650385830245263
5.844437469601754
5.260826239638206
5.162585247988051
5.936421902775798
5.109406025207415
4.950656348562212
5.22490588422437
5.505681020597674
4.50785748162091
4.830383174424595
5.710928123946687
3.833860611834748
5.349492398797324
4.5384766998274415
6.130144266145649
4.7367614052661935
6.443654473829767
5.676003007330898
5.209759028335048
4.81975213650848
5.518061482845162
6.049920338861082
5.70789230550079
5.728383650156701
4.285893963517589
5.593267954113458
5.307931161982708
5.24400225864985
5.5733027584907315
5.616303245893459
5.6727715108191195
4.972549693860666
4.699399129715623
4.674674780749134
6.052979065745827
5.132611564330672
6.177466173222882
5.455466604364634
5.792015320685586
4.303155255263908
5.228613532319093
5.4889605469788645
5.568830683132584
5.845555929959296
5.414673423708848
5.628418420485117
5.378572393763374
5.2382489917642765
5.06132008997854
4.694462836278106
4.748586488592087
3.6620256938351314
5.671342971651669
5.674033842385825
5.697520311797295
4.901064083511368
5.071715657958027
5.502276100012203
5.36797425255396
6.371350528217555
4.73079008212197
5.342503683595204
4.950168429620643
5.347074057690708
4.769883240034481
5.467712370518836
4.900414098044919
5.697308430166739
5.441555488312915
5.107155586743666
5.551667894747464
5.690394105177692
5.6528280207215005
5.246956327356338
4.823200864833636
5.738230929227477
5.431143879069992
6.237159402296271
4.999283972086484
4.865645844048808
5.21847926373062
5.568887195211332
5.786077117458738
6.050949236562074
4.41170426978557
4.819681192877876
4.742393835783794
4.828126592769481
4.589572392748051
4.447056705401867
4.942798983336694
5.034876686726163
6.064778670672581
5.842629076600197
5.140314608664239
5.454970853102015
5.30241821411432
4.8803650536079175
5.05490436486391
5.936859739786742
4.337662957385934
5.860000312471286
6.47147231658812
4.7519891405286305
4.451549904360567
5.650351174710899
4.18292475876623
5.421901974061386
5.5174912191191865
5.2637953254925485
5.8392984073210314
4.463786995634699
5.314088518331722
5.036902690404329
5.485194480598892
4.393486870760796
4.70022993706845
4.63620965583814
4.841587149952234
5.427290773583458
4.474731320365564
5.146550227990598
5.808305972990873
4.865836000796969
5.195856647591038
6.002238481373553
5.414743899917969
5.11868524311026
4.758828609799162
4.091515402537912
6.13030299995766
5.069258120002056
5.280622576548986
4.917868342772403
5.422417636433634
4.3529861204443705
5.2467606192434335
5.7054613628668065
5.6733031798838525
4.727217226332495
5.4976883722836405
4.314134861033484
5.3829667965153085
5.569447864859534
5.405313801051303
5.795390684490027
4.7239470283117235
4.8424992508493006
5.843685598468483
5.400539255628885
5.390978646322893
5.683017167527243
5.874679233373538
4.604905671619981
4.611862406768058
6.079020195072541
4.508034981784586
4.814309158581295
4.592793780273318
5.219888988524346
5.0830591265249865
4.557604176909319
5.277747724254661
5.51407915589003
4.481683310914169
4.83382042785667
5.059346884799265
5.8435717852546105
4.7389919145030746
5.227925723448822
5.089857384395586
6.394155479216575
5.231163971955549
4.52614582509414
4.840353498636331
4.87976271364419
4.959032631434969
5.086988384573328
5.214720226641031
4.949599500116728
5.437931376864505
6.056142341468636
5.454044656106689
5.855168190959397
4.324727243196044
5.7735843120267205
4.978390397547297
4.5274418130786565
5.186990287668683
4.40190784638032
5.741257061660374
4.226071049291551
5.565089936569709
5.1407527828272706
6.5369791306974925
4.887925085921989
5.36009716156644
5.504865395722025
4.790504024008154
5.099422591424975
4.87324197450603
5.730897398689677
6.66792472259214
3.9314146332748905
4.007029704515007
5.1793941837135975
5.624380634971043
5.931337528247642
4.937623979783831
5.8535192944527275
4.82908613949769
5.097862514203349
6.401452641787731
5.633860846703877
5.684289724251219
4.91688761993664
5.064904688022935
4.740083849285787
5.451637237323139
4.656331583618483
5.350481743751104
5.44280833006966
5.893500126171546
5.39069881996307
6.558461557108782
4.870356682710778
5.584068476338398
5.794182305525672
5.563599627470143
5.716457332832334
5.312625724441862
5.982373155141996
6.069403336430305
4.701467935557922
6.0086589715656356
6.219563195687471
5.993032721183635
5.3900406002400985
5.010522694125454
5.977480400742763
5.246131891301658
5.522869715942521
5.352276939375802
4.678989371880606
5.605817505594956
5.445809220629609
4.711309139878859
6.063716597610007
5.678837420333419
6.1944152047456456
5.631924141633165
5.90707008485494
5.292033348528811
4.793138000023809
6.165265771313981
5.836486044949552
6.181706113019178
5.05068649701658
4.902915392065159
4.6310612588799405
5.326328795492685
5.386463142983615
5.211062192816254
4.8355775403995835
4.819285536578466
5.1251812154708425
4.452947946649303
5.265407463365948
5.39763795522677
5.8713919284157505
4.542969877208016
5.503558782633341
6.305160453069952
4.662131611704984
5.914673419489951
5.334466083282704
5.189808697403027
5.412745145851957
4.342204035529372
6.336075110890949
5.326115406385409
5.143475438523028
6.012300768084785
4.942863798069752
4.727447261535579
4.9804168659570465
5.915366034693651
5.468759234222691
5.1885288469608
5.489596336722034
5.824337439570254
4.280994126247917
5.542512588967092
5.391716183536598
6.272771613613049
4.377819133519241
6.49818102881164
5.759705151623169
4.477882520326689
5.453521478756695
4.709774560454775
6.043242971685032
6.044898596365986
5.005416831084402
5.34236513987733
5.518744814571818
6.048359961886639
5.350301161480967
4.272619100429445
4.9391996668320015
5.618945486796566
4.991277989653167
6.019871285207593
5.947005596428241
4.203538620219925
5.7418332175427995
5.47120875918786
4.583770604175783
6.721176706794559
5.798174768298146
4.767477021698779
6.0638810888916765
3.846319962898793
4.777945127632268
5.235723988018023
4.5245747050151035
6.535276619491292
5.439143214833781
6.458621495231245
5.799013695245719
5.627302870560857
5.673683906916759
5.030060059853213
5.473111148610309
5.679447345850033
5.178133176826199
6.325530645624223
4.910751486752346
5.032380811315296
5.340383532960864
5.498518459573486
5.625730895585441
5.499785799090361
4.805995523866624
5.745438712390758
6.020626536951813
5.439543084336426
5.310214229817239
6.10378693078777
5.413150138833181
4.526691007449157
5.108724961047034
5.816866458214129
6.071713068581744
5.649275408478925
4.855864500630663
5.5571241245906045
5.436128769250946
6.431086892980556
5.966967074665799
5.102802360153575
5.150023102936851
5.667104071422882
5.67255736432007
6.5234298358971685
6.367794863215963
5.702417779511542
6.1155992839888285
4.81875704949314
5.012149859530979
5.703204585416682
6.144692366788259
6.030257488131717
5.319374956278313
4.877078383725312
5.724921486227817
4.990011415835113
4.4597505481731154
5.589091017359911
5.903102523958001
5.234034668236184
5.888021777206305
5.378438697930886
6.1188658677299514
5.890597330633348
6.521586719917913
4.820673248796844
5.254355391958136
4.865748652053078
5.022791311768444
5.291076570954235
5.196221276241566
4.6179613890468225
4.968319292907083
5.641763924452242
5.926509482562729
5.70583098514771
6.540380739914276
4.7343744943732595
5.86232467488659
5.549732890831777
4.623478222326854
5.793287769430403
5.844916757868138
5.542348616903997
5.607127852784238
5.457609548207065
5.012923174895459
5.286824235982689
6.437449481885761
4.884549343428139
6.070606151554202
5.781800561550789
6.096052009753002
5.941416988103427
5.661800819659739
5.90666935019318
6.423507762842213
4.902244804794554
6.56019875060198
5.755395715299883
6.188360822884224
5.562688900783353
6.161639347349762
5.529390310789822
6.085817557935616
5.444112026573205
6.224254660778264
6.266482548606355
6.067159341850562
5.790165868815908
5.604120756597743
5.093336390455562
6.110560091042263
5.785134546343841
5.7679564448239375
5.994445599376522
5.211855596676731
5.127201774027837
6.246720465404309
4.609793879863062
5.576248569024399
5.852338058037638
5.1515329776003504
6.625573251146527
5.745069237093924
5.186090523286204
4.6121111611385786
4.444123559494868
6.01936333004943
6.228722686514342
5.904733228092837
5.353658790306891
5.858099058527255
6.122249793776945
6.381805871735509
5.047684162811063
6.143901378459763
5.743643321059668
5.3234164591987945
6.535736079864748
5.380793993377347
5.387058046935117
6.746688134308986
5.528759160751688
4.648711472512291
5.112300205138284
5.302609778758182
4.707950932557459
5.657393064711929
5.610107891654451
5.910188904955572
6.63214542764765
6.259858906388445
4.635129130322371
6.625884125519995
4.565296549845813
5.597876661449078
5.436216894883078
4.810354993807435
4.830714809584599
5.447317434651431
6.0001805448491226
5.715422009051551
4.825303110160572
5.228816888748607
5.8913724440604085
4.617469639447872
6.113883644504426
6.11343734869957
5.9585350940104505
5.229143820487355
5.938538848960576
5.688131973448318
6.434553226902807
5.793502417797104
5.211239826884572
6.3727652719112236
5.422781991017288
5.4683888170607435
4.773208241121614
4.316936722482852
5.04911770931567
5.061762137373563
6.74435311887142
6.69499895813955
5.662675382566562
6.359901771414499
5.377678627143123
4.820214412370703
5.595946707665377
6.337295245585459
5.002633827592867
5.66159903253784
5.397370739204273
5.986387906538866
5.889037452004214
6.350187486167389
6.193459820288094
5.139144872472002
5.232624901298317
5.052882596274399
5.895710015775549
5.778280182531006
5.468581499529243
5.656136155620878
6.793980766114917
5.267112603370663
5.359142956303074
5.480469914107097
5.732989568861878
6.459854343715932
6.1798414352398225
6.447497496066141
6.426447999898386
5.470874458409089
5.289943971254482
6.038166851921936
3.549873673647271
5.705270055960071
5.320181585158409
5.471620755348162
5.035548556499615
5.481119932638325
5.903466328609085
6.018914493178258
5.876432080076597
5.178130895429714
6.628442475117996
5.870000766289831
5.646734087360585
4.587736808877535
6.024840898164385
5.258305335685414
6.530943812289486
5.554755966166084
6.285458324824592
5.832606586126467
5.563910761313931
4.901200119555458
5.684882983030429
5.499095593688843
6.5649566953985605
5.810660873643808
4.951829926289463
5.868835323587529
5.008682768602874
4.962809039496847
5.624115846230957
5.687928326550942
6.068423757482254
4.522850752081183
5.526685996840687
5.842874464046751
5.822107185663473
5.353397725238427
5.854906054692536
6.112684475323789
5.193630547523217
5.264202702682319
6.716973387848512
6.184078501923256
6.538907764918427
5.860248156948394
5.526759670511186
6.362348044269762
5.925381391596524
5.878684535456017
5.885830176729968
5.630671380138789
5.357568106775894
6.448308176233283
6.187814343214036
5.869160702637641
6.708253183230731
6.462483120695875
6.014823392415277
5.51997925682257
6.379568168456135
4.837008012055662
5.096898324890606
4.092128854151815
5.886750942255137
5.130116691508871
5.2131755195021725
6.010103416742748
5.058092724011704
5.491342275739591
5.505762287033107
6.306931377163899
6.281562439513639
6.721915609926572
5.112589359551931
5.596138602389221
6.358647197218154
5.71433471023424
5.336396048810055
5.870675042106097
5.705246830472646
5.390406184815273
4.703591293539819
6.031185456319463
6.627890034549029
6.535064718052169
5.760864128012816
4.854596539468288
6.593304794964816
6.2690906666963
6.296237902845569
5.693701782517259
6.387839915572453
6.709032684643269
5.344311010927068
5.213870307331234
5.008207876152852
5.691133530811335
5.718439848242099
5.992860222709341
4.433933876221115
6.083682025145272
6.222478007023561
6.655626657804774
6.461622737473743
6.645703122596139
4.718439043682389
6.108059497932533
6.1028020699382495
6.523786999308474
5.100444906208978
5.961920052103526
5.766335898029615
6.437660563971413
5.35154633367236
4.9735463375996165
5.663893964861961
5.157138332641463
6.58955868503034
5.643050467729218
4.481254877874523
5.272644508985078
4.263395461712982
5.294763011887049
5.764756713230103
5.078811323523521
5.096587669033667
5.465218813217337
6.634142655072704
6.366366976429539
5.105260642573803
5.967734450628633
5.374173664540116
5.846782505498293
6.4996468710062345
6.323765986993493
4.762851077910518
5.207967886521068
4.826122022669818
6.090606753708919
5.89811414815107
5.744358801235492
6.627270936046447
6.655579263527198
5.824167714821613
5.21116136948131
5.115148232203463
6.2793371916546725
5.437339278929546
5.6075925448471615
6.469316113835685
5.3612180902969016
5.533166584330985
4.871215206747301
6.503720401910897
5.82413835619203
6.34783137740094
5.940540404598771
5.392372693074108
6.460050820239061
6.247669233756049
5.880169095627938
5.6221340433226406
5.013473059967659
6.488397000744381
6.4204452350008125
4.988233124339814
6.464782379780829
6.591694668143809
6.64855316847456
6.5888948045632745
6.113796969632748
6.527675956207226
6.518694873291032
6.535492794925219
6.623965392080031
6.34992060286946
6.370209937181578
6.50295394854988
6.389914943723628
4.800573379438195
5.788307897645943
6.590871162571236
6.460522511622255
6.036663967915004
6.537011930695591
5.984352468502657
6.749524170748398
6.719754517546907
6.553327223873232
6.623781870020412
6.766161179924506
6.705264096055167
6.564451848286787
6.594739271980345
6.74785356828664
6.795768103491451
6.763502441189335
6.594616590998207
6.7212015116504205
6.588772756091792
5.491916121058079
6.5901721375075795
6.463527449302873
6.5374438727282325
6.625248115432868
6.521892768190867
6.540786895993044
5.905393195564443
6.465543162367126
5.6835411665905085
6.719345206783771
6.591490007734922
6.7445810582966885
6.59419665133753
6.239289508340558
6.380816042256729
6.766300220977612
6.59378464369869
5.856412420034452
6.496179951804734
6.240514002530574
6.555287506268542
6.21957990551655
5.264703440195856
5.33518001166453
5.174502792692806
6.714219266092179
6.589919645953799
6.593107945160359
5.809610980925436
5.955924142685021
6.588067519728739
5.206729102369325
6.71781159382617
6.708344252395037
6.707883080187234
6.136366724726901
5.341964180241661
6.460838731935958
6.437879224497021
6.276472023503434
5.133173391884499
6.715404874486509
5.624972847615066
6.047033904573022
6.496950434200215
6.766426673230946
5.902266770366193
6.626890949620336
6.536659745623815
6.109364870249198
6.404784468700782
5.837153483669013
6.104472820540231
6.631038394968499
6.651835992924017
5.783737420827524
6.589302014282886
5.5990602013338915
5.870157182576186
6.587275117200818
6.384242693946067
4.819040585342666
5.798746453851102
6.632102663277951
6.53075492689068
6.76769478842094
6.456638230631036
5.315739750988147
5.6473914239082355
6.718163620961857
6.591062150368465
6.431291676177462
6.630962871796516
5.780778130909157
6.7198789766053615
6.5566735771318925
6.089202319384302
6.021896844050158
5.527998766642842
6.324028456417256
6.463283445785464
6.523228535045629
6.460096361916488
6.193108758866728
5.888133080097639
5.697733357231279
6.7086457236706
5.256990000613698
6.591815596221995
6.537695357697949
6.4664258992814965
5.947925841360792
5.529463548964639
5.974269178007482
6.590872282150173
6.456565459598838
6.482281772010605
5.828432748729256
6.501954973511591
6.464362776214877
5.953947559818452
5.876693799284716
6.5911297632836
6.555365212994875
6.5263507560665595
5.55296506306906
5.291901036041047
6.501653249110802
6.533683074250341
6.537892717455055
5.3527053411805685
6.143322033722956
6.5414000791825515
5.140661819373767
6.560983292403559
6.564253299674128
5.50892566684637
6.4054502712028984
6.354713245529634
6.691095822768705
6.30237674911649
5.660809083269896
6.189957060016766
6.13788959081881
6.521723789826254
5.611474716746084
6.135573673021
5.33724676815762
5.790256856731382
5.588345762646554
6.465264011024249
6.267336973953089
5.558204730319499
6.721447469952878
6.014820982413218
6.437218010363804
5.876458141118498
6.798122642673313
6.653613782842569
4.922989015813485
6.462734846980318
6.504797550253052
6.763910662152075
5.236176691780823
6.535329183124006
5.636623454951884
6.405065243772405
5.546464812017653
6.622402234877136
6.622890525070538
5.233874649479972
6.5398877370981126
5.746562122286633
5.986608891756482
6.587999304720519
5.98368503896198
5.441008454667269
5.283028028957268
6.461396812981395
6.654562278843329
5.901893086651313
6.285848205801997
5.6713601341684505
6.719356533124735
6.656254486663549
5.589884158203425
6.718945187405428
6.5836191799831525
5.667805942827762
5.580159305838597
6.4053165896531254
5.5772041884097945
5.991146609835763
4.558839702666507
5.200930367618213
5.5995861027524665
5.929391952169748
6.185885656206018
6.052098951079678
4.9535004669927325
6.051747317994408
6.197091965958386
5.768605536938537
6.5401551983364605
5.383336446069826
5.386684550278247
5.487861456218408
5.824667283428644
5.471949507065016
5.622879659668371
6.223297558950652
5.839140306072704
6.4601045163923345
6.468093235254916
5.679547797924531
5.904106637589031
6.684766735034533
6.583083467945812
6.517206941286734
5.8747270391251565
6.612824288287648
6.6811842410319535
5.207377641708604
6.489064763803373
6.327424012028473
5.97106899739207
6.415166049595008
5.939048760206232
5.760849258122626
6.524378557321647
5.980056660122749
6.4351918105149934
6.795594700167889
6.67746525734313
4.4151390921632085
6.3964089508852915
6.798764081869006
6.188308919219303
6.2238685204759605
6.6945059379244505
6.384149503372534
6.773321077017684
5.015483409358946
5.137639449251029
5.716846754269149
5.383433025319544
5.415940728106879
6.46758021320737
6.48037933544731
4.937672118480766
5.477640692936427
6.041864061004144
6.499850711813064
5.937355494452866
5.087680891977703
5.742796938133004
6.4522945667122436
6.31245613287447
6.691200643513966
4.584398364547063
6.589053623887324
6.535837753007193
6.601414568409865
5.84336830929616
5.624262980754006
5.136258668281018
6.466038185460658
6.61616003931551
6.4699984529442105
6.410815862429132
5.454974642079849
5.339730898507877
4.920663017374704
6.652513710660237
6.393866250927527
6.439418002583391
6.5893973131661525
6.5064562146015525
6.539823508899239
6.695611766518475
5.663491298048989
6.366062939870567
5.851731553694599
5.471613606192516
6.275006011322862
6.52634109480265
5.346395027363396
5.922883899195533
5.713890562083563
6.044791588885868
6.765259857140123
6.479706897894609
6.440451753107411
5.446971744991492
6.3794492431340615
6.372633572222544
6.5282881406634985
5.995483527316825
6.645587999555051
6.0476463747419515
5.105651337632695
5.8804208550627735
6.7538767254481655
5.492869835385122
5.993703913089693
6.165781094418968
6.673399914085493
6.751771829814658
6.810020967674895
6.585081941559821
5.932892338584079
5.849355065097505
6.457177987355088
6.776988614749467
6.45893390627716
6.699716785475985
6.408181533962907
5.294391721736389
4.9040109826716485
6.59363894317638
5.732825863929584
6.4979167970377
5.994447040489462
6.534813624018607
4.810166112036761
5.458205217860868
6.558777748595929
6.532638750084974
6.529625045810313
6.52827929184425
6.527748860410636
6.450193777058935
6.667807726025998
5.787703375831661
6.382566593745498
6.523303672361834
6.61561290120806
5.722688807334086
6.3735042080760955
6.531053868675656
6.222198998505192
6.375474851653166
5.248425605669009
5.225808493006237
6.085191924292321
6.7686502452066435
6.50925796209895
6.436179034112612
6.967627365374618
6.742103726034358
6.593209349354758
6.214328441197871
6.40591931454739
6.215546940956031
5.2853665423303156
6.5367374877745945
6.400890626939216
6.724088274713832
5.9095352444666265
6.375010566442938
6.287118176462801
6.399026150907133
5.480040689407733
6.208027427654013
6.3555095231587515
6.5942215621992375
6.40939544816975
6.122992114246742
6.03077580595447
6.485728853706547
6.757142525439523
6.733250064816168
6.36502484715092
6.543187662903911
6.5107213855227
6.37687106370921
6.741437858823446
6.819771425833125
6.7247129225139695
6.00932684212669
6.22333189888381
6.675991148858323
6.813600529305358
6.185789780742759
6.487607893898328
6.325241614771933
6.322323024061973
5.802313972548351
6.413639529522207
6.605847637661334
5.109456222899592
6.361207599038536
6.540898756447724
5.667861403396749
6.349722324856572
6.16934792729192
6.047614669032903
6.645062821008061
6.404429035106034
6.533900028552267
4.84966804414881
6.374044676264582
6.405983210713824
5.568019149168993
6.406804112656367
6.443985892364289
6.304211598106782
5.344221742055932
5.825935138090269
6.6736018889093
6.696244242753167
6.483649936927733
5.274188931023737
6.307005726807532
6.128093080123904
6.731345221023261
6.22712541219542
6.470105055928283
6.288942839956622
6.24444556551488
5.825584264594536
5.707460192194382
6.478644799199067
5.839655903732847
6.5805711150369675
5.208439780476301
6.476968580456109
6.926478288181425
6.595439079039686
6.442243910374589
5.972463761506255
5.636726103112862
5.0104498569024685
6.492316716913763
6.0522334381383125
6.211166104782494
5.688453981729825
6.179618539295738
5.4124790360742985
6.605574237638336
6.820042191728678
6.382601765732179
4.579740763568257
5.710408834557018
6.6704473231876555
6.211801284212283
5.864440939378117
6.390530109737345
5.937191806908125
6.568890250308225
6.290242235169533
6.531884686187489
5.702470165326034
6.364025749155871
6.394098013416201
6.324249473340732
5.644106137076948
6.558261509359809
6.420019079288583
6.247721382474719
6.640826849887997
5.7952440281529185
6.492636272671419
6.133389924912404
6.492657096733531
6.510318809098234
6.778434909608926
5.464547308209008
6.651349287116545
4.900390305469234
6.57298271263906
5.430971459296192
6.192839415490038
5.446627192080925
5.4680257430321255
6.0327278496751315
6.4840055027020504
5.743760686420085
5.708251226457882
5.4234452773978905
4.988451393182533
5.960580810771482
5.692006413876591
6.389034443920551
6.571881474297577
5.187663547485217
6.513240383755644
6.683996440755177
6.1786968360354315
6.382408332816894
4.476240618989237
4.861396290814337
6.403800147205089
5.509290509762945
6.718683942342764
6.113933897231387
6.188713984750468
6.429292273119337
5.3418213556716125
5.158582194466806
5.5567780417420245
5.09186787396251
6.059319532336804
6.675248664454248
6.505573042511045
6.67810671364094
6.546172703224908
6.723552978534325
5.72902630090152
5.410544762743637
6.140195021688342
5.53060057186293
5.811796088741179
6.260352992660955
5.813681369560108
6.278206768631845
6.084776517900718
5.340364045859566
6.2195372213071884
6.189871608972673
6.532264593765852
6.354602633775517
6.787972937039363
6.586087339589135
5.225326204290804
4.211816811428944
6.67245590620476
6.56414805783016
6.416581377690264
6.619747012839433
6.376320248280333
6.488125064876897
5.6744525249145195
6.710827432245207
6.138179291762256
6.309087137743081
5.610919740139536
6.590300024116338
6.725403165665615
6.590664821281706
6.1927433567859325
4.968347805045449
5.904213947815116
6.6518347757756615
6.499562637260198
5.592758132159499
6.636140333538577
6.063181223560612
5.274839899556902
6.708053160243054
6.972123016388338
6.649036031236193
6.0649716894965735
6.20240307696821
6.444229459070382
6.823453459487375
6.003658677749357
5.851382687962502
6.119921452327372
5.890408535259493
6.41440420176718
5.278623414776476
5.56979440717539
6.461905118223051
5.387725394519059
6.29296031091242
4.519991535433926
6.262746599799673
6.7700809988807755
5.876059328518529
6.3869294355245145
5.712857504721466
6.535391026953626
5.087254333463477
5.307900664803437
6.348681383184086
6.774939303401418
5.407534905853616
6.512032944313873
5.552042078748464
5.568329500237674
5.865012298319634
6.001358551060381
5.2798796069328215
6.347257677116389
5.574129654094143
5.240098248117549
5.662444514069264
6.377188015658401
6.338496590256675
5.807351904262365
6.012307065716186
6.762993713600295
5.676937170511852
6.844737134182566
6.584490225776069
6.507686639626108
6.737959408284468
6.380319476872291
5.4087348611616495
6.6498768323953925
6.748470241363066
6.790006895125224
6.23284484886867
5.665829960725858
5.909710474144321
6.307418473174856
5.330984493467838
6.376657113834302
6.456102584263949
6.392362732420619
6.69142658523862
5.877628372285136
5.690594570831454
5.918374517042391
5.687695243491547
5.556702810115862
5.806189475622553
6.2102678879301365
6.2091212768274175
6.377517891778734
6.361284609774302
5.252337783207075
6.563001546103912
5.21762736078778
6.136455643504906
5.01102861091845
5.5574042963408505
5.078262800961319
4.999625455245845
6.042137808604894
6.046675041052193
5.900256983188665
4.761313807869751
5.5401234221052835
5.692607379863825
5.774234864022048
6.00660667210985
6.542193717022251
5.717251057445601
6.025995966157179
5.291683764184512
6.7627813335966245
6.404938779918215
6.575652954732579
5.478824275255203
5.396338666536412
6.346078276307168
6.61542510859821
5.098569434365931
6.617747346055808
5.697001071905163
6.501236399241105
6.600144811717236
6.530529267461734
6.577163960806729
5.867422719560061
6.671466976325171
6.210008556966351
5.256965207140592
6.0245955986790545
6.605056500745334
6.693289117467636
6.33806476344985
6.482957174271778
6.514087935234333
6.173355931325409
6.6496332675179985
6.824832890504442
6.660952832484973
6.642641466215572
6.345116754328629
5.849677456678965
6.2574325748085755
6.715178412926683
5.9233650196221355
6.36332676923837
6.5779949366897625
6.242835277600111
6.733741333868082
5.396237462170969
5.99651876976143
5.646851626621018
5.337451318608071
6.41556771989891
5.738186642152961
6.021186984979611
6.599097173488772
6.571291046217993
6.346562500601522
5.840319377167518
6.737299184147382
6.338096901707006
6.479904582437584
5.376589416648777
6.321631006802358
6.120984522730383
6.617000273380047
6.557067045931941
6.207389853922045
5.611894094855531
6.2578278719858424
6.622305908868881
6.538213825052917
6.327805140326227
6.592758248883488
5.165944760524951
6.650594250094155
6.429587378315254
5.053338678795772
6.313333290867405
6.468681615490588
5.889894859132671
5.9735734525988065
6.417302438660446
6.637285961400504
6.520904185544495
5.680849210681874
5.6493893536027535
6.468037251872008
5.82977364280951
5.483795205323316
5.39806332557297
6.722729391445636
5.979643732169345
5.677945949385808
6.602757614805316
5.982591930398202
6.482420332689198
5.961808691956378
6.424642408648527
4.914449760585217
6.657775174109943
6.121431512890968
6.708337202698516
5.619455668960711
5.931764076179988
6.581945328594873
5.4845227503661995
6.483585827134412
5.435820981632045
6.828274909777363
6.161140236599355
6.214320960677803
5.851518758053071
5.905962266187441
5.799178321241573
6.156395977002131
5.505950076296454
6.133211455049228
6.681973906126416
6.658882700313345
6.035339843962021
4.433027213016324
6.2208984284328395
6.664707372132565
6.467825004407693
5.286673258684861
6.764226963061208
5.956766973431712
6.662584616370765
6.614357905651435
5.876654129739457
6.389243876765505
6.612872151791283
5.061007410689879
6.470040535464712
6.455571409073741
6.455527436090776
5.783809260234925
6.57117066103886
6.776119059700335
6.785930105384477
6.628103148310483
6.629456524093715
5.500794669204808
6.4907008893835325
6.690233651831182
5.671969585435111
5.869177834050561
6.648698056115123
6.553843301230565
6.459742217971545
6.1521021053150236
5.8108674815716626
6.449973563418698
5.247323912530868
6.2074903728457045
5.702499239105734
6.343177474688016
6.035838649153824
6.766735488036204
6.299544640858521
6.481475587998624
6.532509394687992
4.723392016446478
5.888955130966309
6.6558136463540265
6.358366743539005
5.455653828015691
6.6457916999479
6.3649795034152845
6.649405145365929
6.046997086329249
6.668951034316194
6.596134949116035
6.364305328472149
6.648431240798487
5.476447227249492
5.413372569337309
6.574778976014727
6.3824686855762565
6.57442080300779
6.456131888293349
6.083689075432019
6.624386250920118
6.2785525875888695
4.834673742296445
6.222236863288359
5.646941344720437
6.640739274730425
5.621920023485789
6.37612654913584
6.139109555358946
5.251936458878227
5.436456956312714
5.8221111702376405
6.593896166220624
6.445116304123697
6.436180299253234
6.793783893374851
6.481395444784944
6.454742718580313
6.675548944347931
6.2865745619025155
6.557292008478669
6.390432532819318
5.8214762647011895
6.803661667692694
6.59174296988666
6.587649283419118
6.069463336495421
6.094285236605213
6.524337337918979
6.422498461524738
6.3900010373270675
6.4411589707878285
5.008274408911555
6.40223363623894
6.080453540187428
6.408004830935834
6.155373996730866
5.608733223027524
5.809849504591668
6.029930591291208
5.409143962530726
4.751996445538493
5.177332390161061
6.4979953038607405
6.138182856071591
6.385185611616098
6.273676573744371
5.243883039292733
5.86923051118022
6.4596603327137565
6.533453900437454
6.651768725054609
6.584094552446942
6.287208467496029
5.128207913125291
5.163637215633752
6.591591119076853
6.026066157269783
6.572960781255162
5.8291131822371
6.592410405147099
6.097184548780479
6.79767148147409
6.128761494241807
5.931205595683256
6.463223166784893
5.714710664842862
6.061354335687415
6.630011164291073
6.578183629282641
5.395633529882936
6.392118238486159
6.39781966761662
4.834904500918926
6.365936553429549
6.488577844479217
6.46292300589807
6.361349296984329
6.79593807357978
5.901378857643143
5.376885895906252
6.3248539732271105
5.540825773043043
5.768865083960478
6.158788095637252
6.270058113071443
6.080825155135681
6.011914808813664
6.790647387835296
6.458872427483328
6.613864047261295
6.507154451121984
6.5342177973762645
6.444008868832711
6.652221659125875
5.888370271033747
5.900259912834279
6.661612786097635
5.780634032900782
6.137760471468223
6.475003814346252
6.556180368007112
5.9731404188960795
6.4155021918991615
6.002177432749203
6.540482404589476
6.545558092224901
5.199193127597795
6.395907960806518
5.871910136679322
6.425832889192819
6.410829371734419
4.580093918881067
6.157478699143606
6.616624532266464
6.039784959218757
6.03825951929749
6.390522324293354
5.716544233929076
6.536564857195948
6.391835906570012
4.993841257190212
5.466436215653008
6.463958997142917
5.071020372747922
6.301905029386422
6.065578752539576
6.075836281680914
6.499612981432662
6.7651959519238645
5.420234775239525
5.803632867131558
5.471203062376883
5.34351015707302
6.655834232067708
6.499443812113217
6.575242918051103
6.613983016916297
5.669496033196111
6.4854139992350355
5.828385746847211
6.594725444381481
5.754508113007965
6.41641739661495
6.695376910492097
6.659815857371768
6.098562523420675
6.8131336833585046
5.690484014044486
6.5374998402284135
6.371851754594449
6.575821799312827
6.658646767764505
5.5918025490094045
6.709741419438743
6.389354903426643
4.98998092879183
6.588809813386021
6.485842599516591
5.012431875734968
5.752921286594315
5.102077390998428
6.346518487081976
5.6084116866436595
6.654820024385678
6.218786099807353
6.767100552040027
6.629336096244209
6.5524631856107085
5.0388430389860766
6.769919596178205
5.6425410709540245
6.426255932752753
6.4988118234807395
5.764437576740544
6.762095805841668
6.5190690309364
6.058922117084496
6.7396123166607005
6.3715429517694275
5.745292032157824
6.124505834543758
6.593294858386411
6.331986826921437
6.3436777802246525
6.686943814674365
5.792191629248549
6.7283429707111
6.525690110279793
6.7242385054702964
6.686658018594031
6.791076252791825
6.147565079159904
6.629944569587682
6.577040563984074
5.698153089875021
6.371225966078043
6.305582800157744
5.887286183503219
5.663674952836331
6.435340961909876
6.2255184320155195
6.580426371255314
6.296086265796912
6.277454621972993
6.434408664641381
6.327142331266053
6.719754938677525
5.956874664932165
6.129172311594246
6.644306064367182
6.267384773456332
6.486660259871634
6.060142065240832
6.359315403151729
6.116320329178102
6.030821762113483
5.593045712137716
6.598403838422463
6.302870001489328
5.583089498695102
6.592943415569472
5.758708354072613
5.955078489717948
6.6011388280704395
6.210147678870577
5.802622611671964
5.3363907235069625
5.564822945815319
5.954059851232914
6.37277170452024
6.0855138892717555
6.392456024904632
5.855543215507456
5.953732236104305
5.900394299232431
6.46732654855251
6.1126079734453285
6.172840791535403
6.253452447897185
6.294112500196661
5.793989522778951
6.14066040581681
5.406962346036636
6.016341652410365
6.151261183141571
6.7666251750341
4.727284835313352
5.784389877254682
6.4800756010472504
5.631535398889195
6.16259566887868
5.705128363394223
6.319276197075542
5.3005961347010615
6.147347936147302
5.648245744627491
6.684179266754011
5.492744705289251
4.538124062612798
5.250115699172838
6.667557881175107
5.356638359751685
6.572118632898722
6.372425243834826
5.993932911379872
5.151816411015362
4.978487815935981
5.3958557496675414
6.538545776630933
6.722256330243177
6.588472072641345
6.453475558573221
5.769497291014613
5.862462414283176
5.534245678170629
6.344251970580988
6.173699716066622
6.150368790859778
5.05438068141258
6.578068613782971
6.365380831466204
6.336336154100124
6.347986826938531
6.761145386243044
6.3828338319084
6.113767980583978
6.621504927927141
6.767738008659503
6.535660744998051
5.618001014187449
6.592617692903389
6.675745018819914
6.688972545603168
5.6531295922277
5.740403283006788
5.551052165602123
6.593299887087461
5.833883412249463
6.558674055757876
6.707536978652961
6.6911932370997675
6.380758092790515
6.497009827813038
5.7136882580459485
6.354398152895548
6.43284063180873
6.362888775025603
6.651090584468626
6.518486218554088
6.816093926163827
6.5899222176429255
6.531844162680066
6.557417757317317
6.3818828006101
5.882805213297331
4.703679367545721
6.5917508686245085
6.41491438723213
6.316142539686602
6.762955916270911
5.993443633392232
5.641342006303542
6.574432452525922
6.6597733817765175
6.268845541662209
6.866335050283514
6.657296714851682
6.342311993230155
5.7559918916691295
4.019701235687467
6.354638477428416
6.351970554836754
6.436844532595863
5.924020555806958
6.100402885318772
5.167960363369604
4.826725090203345
6.643621081104982
5.21260007759407
6.160292175218256
6.4247268792383565
6.288744096900157
6.360945400683786
6.517660021330922
6.6523256323574635
5.323417051246908
6.672115863761547
5.473397840702042
6.557069407502411
6.405203404153649
6.3512470833678165
6.445855937727249
6.1664442980167085
5.88482345370168
6.290697974060098
6.630503111003403
6.367317128333241
6.646137893654309
6.887760887448373
6.5387060172531335
6.583641215581405
6.026370549301175
5.084698577703556
6.432284723525797
6.940469791526507
6.329729086381477
6.57366904362166
6.730668061619276
6.559622922594073
6.10722623440258
5.545766947686358
6.336765887321544
6.430456554333599
6.5363463918377285
5.994841662930188
6.524501435461669
6.487672518710877
6.3477133983522265
6.386224427643384
6.735275355201509
6.195401817697444
6.33224107946241
6.654550656997483
6.369465302107187
6.963517259020264
5.49754907485541
6.652967391965426
6.818742623666527
6.681238176245021
5.903920768419649
5.838134043357169
6.659248085382998
6.816004561162156
4.887417923870757
6.6300808855180335
6.720463872725201
6.105191618291222
6.578563558892462
6.738949222272794
6.654870115621502
6.578093889417534
6.69420995178637
6.40061707063019
6.730864275883349
5.7928238447957945
6.156203952793636
5.153211813197764
6.648990228493517
5.860141372361333
6.313690966116518
6.281164393651405
6.636222156396904
6.34417398817838
6.578450489406613
5.01822426393721
6.197006340043444
5.982531890218517
6.326342850481893
6.525975741157872
6.436041103628785
6.574062203385793
6.162912424719927
6.491028343465587
6.322002607499861
5.745239920009542
5.992849130274848
6.576530911561438
6.381682153308052
6.37110686767884
6.7430263200362255
6.436390985776153
6.389444074758117
6.104959255320715
6.099739238474861
6.126956134063171
6.592102776481241
6.640485496641656
6.023798192383801
6.469696113883309
6.368346187944521
6.551505920449756
6.669149013701201
5.951150857175627
6.627232486219459
4.671712017099265
6.254234847306314
6.418771770142559
6.4844667563480485
6.121768681498512
6.366545295402894
6.4457549912316665
5.69807564732011
6.562116617987083
6.5603324760807915
6.52320712255214
6.121170333192094
6.455025602731922
6.509271948142729
6.096499685940405
6.479769537494221
6.3779187251125435
6.26867181451982
6.682978529076333
6.565115752574805
6.136379297617658
6.459122366554471
6.16918734305246
6.623265340545466
6.453571384533156
6.406816070488382
6.047053000582576
6.655483378528658
6.578985743047458
6.130659274460061
6.255998965160728
6.2597668317242245
6.702865783839048
6.607655127131348
6.005615141509672
6.224966882717656
6.735011043204359
6.132419248650024
6.019746909439256
6.032417433635121
5.68958323031541
5.770427577201422
5.715341715359983
6.1077102603188305
6.717814609504877
6.442743070877732
5.524186647786308
6.010959341166878
6.5145534748819145
5.874858403939591
6.736249478057026
5.848012580897851
4.357467574830316
6.105410327290688
6.039160148693998
5.683403452280295
5.893791455148488
6.720745926642426
5.889401084720383
5.082190362094234
6.179806564784759
6.498981886640351
6.717504408834131
6.556143203069173
6.523723281962418
5.700855886770238
6.057159340502871
5.724281256893629
6.747999181747161
5.88625033356837
5.953687322947353
5.885808490091929
5.56864739404957
6.1146269343564015
6.627715262957555
6.591376646090051
6.5352857075352055
5.805551492401214
6.721148439311985
6.395291472409561
5.52458660321475
5.589999956704329
6.060290744095621
6.062191590277379
6.179874360585167
5.0091229385197416
6.399268849856135
6.820449121615191
5.973132230034871
4.202526449538794
6.0164326652375095
5.14039596990483
5.363671377597495
6.26554355508064
6.047880106353695
6.5110449103268735
5.9500274817118
5.641554632071902
5.741363821772612
6.531006794880824
6.435981078196992
6.05954124352575
6.043253801078166
6.023716235116691
5.851953361132551
5.33030390398924
5.765628277196267
6.630831135770883
5.744793357243491
5.663145129947637
5.891156398041112
6.768338395257363
5.940507659535335
6.04463374206032
6.766730543447771
4.8877341086265425
5.924049026673863
5.928714182866173
6.021307820207557
5.263699590156548
5.716713615037381
5.845974970230429
5.8718885253148585
5.888241262218397
6.213631870224894
5.553171898161832
5.770097570120583
6.239019235103612
6.4247295951433685
6.320191559435187
6.590382281326022
6.556523393198681
6.233437924826552
6.536865438148872
6.1685492993565845
6.4141299071204045
6.236569052146585
6.054421015831991
6.074793144410293
6.723247055229805
6.076916780372436
6.37182700289031
6.369879033434927
6.179334510455043
5.983377988966154
6.338078729371986
6.26509844289296
6.628878512549761
6.567214841827671
6.538380034694999
6.558932850332347
5.993909366278867
5.51262825186112
5.690188504423816
5.905318174954914
6.445418017537097
6.646536284627437
6.24860936820285
5.567617272599534
6.335587603238313
5.074226975390022
6.176765452696266
6.01537006647883
6.138254421519825
5.4484238143039985
6.578886280950538
6.729786425607244
4.722613759090706
5.9853648974921825
6.461847339828644
6.749544187526535
6.499403728989112
6.162648318674002
5.615330611881964
6.280598182854298
6.49832934971208
5.706707005405772
5.621575152917863
6.007325176181048
5.549140835595061
6.79306327730772
5.870490503805659
5.865514384358853
5.196143977086603
5.740451467214207
6.522095855475385
5.225052665733395
6.563148078742522
6.214424166637578
6.154495458952297
5.220150745501909
6.780346920081499
6.134158948592923
5.948270314023855
6.1474771505671555
6.081208102840868
6.228632923986865
6.644616447887277
5.931418742364016
6.529747342296453
6.543711640664938
6.18798895707976
5.698614531622123
5.722661060463228
6.547410228750358
6.343492430481394
5.939583719477724
5.965804256179984
6.1927958547199395
5.013786368360442
5.751879341291382
6.233818534546753
6.579572217051812
6.372038409255968
6.85844260517543
6.160902073642031
6.535684487988796
6.513394843859647
6.634115938029982
5.868170367803488
6.606046305922391
6.802481665288358
6.513629334695462
6.557772476839464
5.723634867651299
4.434942596989195
6.254551809271597
6.363898843064007
6.629820097501145
6.420428380939626
6.117581114571649
6.463991026552328
6.489451389491872
6.264961618900699
6.60947228609378
6.258490584046658
6.283489364470949
6.263590670241912
6.360663954407762
6.667736659150677
6.638563786266829
6.546501143556977
6.359951738608601
6.5994428027888326
6.763049237741669
6.782159478207184
6.7964334104661255
6.041872023435911
5.695568896300539
6.6435702218475114
6.363089025804754
6.400124357878759
6.187680080716579
6.340041871813398
5.409962008031707
6.72554148946422
6.505806742207781
6.3456527065813155
6.065066980809483
6.252529429718653
5.023419805645858
6.2151851043499455
6.055651619510034
6.355625528953034
6.34573396092453
6.744374754984705
6.326051257396156
6.825831739705691
6.551711042666412
6.583428075386934
6.3758663270219955
5.417226601914816
6.565995999332692
6.756944789596929
6.32447194388422
5.976432298778853
6.910145230691523
6.6366176486118285
6.395901892658323
5.7978185825787225
5.13175062890819
6.5019776102692575
6.462390164396243
6.28085158590957
5.494947166043907
6.586258572240119
6.366014938393018
6.407470027325619
6.498904840074768
6.909960090310811
6.415233310390562
6.441824399954058
6.969136691057802
6.239014646427478
6.367062784976618
5.492068774309985
6.485091742519565
5.919445579872885
6.531062025181193
6.257503886890905
5.2106487057260615
5.178086475974286
6.512792233173773
6.723099116804047
6.961386763958608
6.677033529745863
6.566155693228282
6.222556610853939
6.679150677795221
6.175041196155483
6.668153819762274
6.49723227121703
6.4155402311449095
6.678951417630795
6.701735110221886
6.292265054190061
5.805655299281593
6.5415829740522256
6.527014853585907
6.531431705042117
6.668580573376101
6.255958883625347
6.408301688284219
6.377329642398802
6.355358718087768
6.576128255229321
6.465193887228619
6.4296777670306255
6.795123600169042
6.870832533177143
6.5277885244460805
6.764816529620223
6.081767024239095
6.6511471568439795
5.754017016091979
5.845570584145355
6.703315785043806
6.086018688939504
6.313993397001582
6.684389454521508
6.676625493906563
6.365034053940342
6.36138919382914
6.646413481183814
5.257978466681678
6.426815683952526
5.432947450588683
6.575784495387822
6.669145028855908
6.901664393137985
6.31416349247656
6.602965232658608
6.265881201162724
6.579580410929683
6.486033125839647
6.394989680388825
5.552978179928171
6.581527742487179
6.429501830965457
6.9075205299130715
6.540491512931947
5.767525370468071
6.5205236330501535
6.422110013909389
6.554714744169392
6.510944682032772
5.935979512399232
6.580054514976844
6.610814634365674
6.126002437510071
6.7123386556885265
6.411706694619845
4.7030787415374675
6.0469387937929255
6.385734932971438
6.598783227142043
5.680056040327422
6.3074690627278684
6.3434726631543725
6.417901295417501
6.510672663469563
6.549017829694897
6.671056304394803
5.889308512816397
5.673558326832104
6.353945705615203
6.805237419043653
6.528859040458034
6.259739428432908
5.5020649537889526
5.678179793331427
5.677913250509775
5.674865177083927
6.666742286535936
6.708600922338711
5.466561985917142
6.690541097965465
6.600132814702107
6.654532505981617
5.6270333777360335
6.406119761196791
5.941485125271701
6.489838875086264
5.775580511379241
6.553374175994989
6.367964547079602
6.3812940785789465
6.674765562112146
5.95122063759802
6.396690599958095
6.465693304036371
6.804959495725271
6.717637352026813
6.669087658345113
6.369409103458665
6.484594028471182
6.456610047433497
6.519147032574196
6.4918647920226356
6.447376259007303
5.683774795209473
5.843212079592874
6.182982341323445
6.40207381201995
6.15844232994046
6.037215801985219
5.354911349137389
6.5338366207206775
6.592934366448976
6.633269440992144
6.429096574602887
5.317983807629155
5.510864042907537
6.5367874125833865
6.654957876768982
6.6393439119497515
6.942819690287706
6.859355262468128
6.91005985299055
6.587307443479368
6.1443791776707535
6.576000558528538
6.385059108108621
6.486287404171996
6.529407308222552
6.732117386504914
6.741418150026963
6.40743687529956
6.791883612745664
6.692340544609301
6.646743412597154
6.431491740185329
5.275547000186496
6.397847689633373
6.594464295934582
6.558456213955832
6.579378439742726
6.521444036143219
6.52376545570835
6.524308002522567
6.965516785941997
5.969608209429833
6.419929266746973
6.868155392298075
6.578037427075575
6.34551593406465
6.186523967451471
6.296003207951369
6.4697994179928315
6.107882140343495
6.639877916448757
6.286003910715081
5.948028240120369
6.464045252981826
6.691999403678327
5.137681174264618
6.15540789414511
6.412847577827652
5.617525148104608
6.493935594310912
5.99062689902809
6.387491530161398
6.664669367258618
5.8301416748918555
6.0454815132818425
6.652259929528039
5.725702284678945
6.317120385116063
6.460978771127607
6.974375677960772
6.685581273367156
6.044689911624438
6.454665191087091
6.703928622222733
6.638444434952106
6.323612208939402
6.868697773487863
6.818089413509092
6.5793229646193865
6.860244219885715
5.83475175501375
5.583584853057985
6.652281155261001
7.011279799689849
6.534798869352006
6.6352571469380095
6.537303874434141
6.349585699192382
5.991891785172356
6.519926918849578
6.7685472355670555
6.743416547383539
6.349381081448755
5.616754145957458
6.661405531487539
6.771101839681879
6.593802407657563
5.7789267538304046
6.5902025328403155
6.517188841838088
5.3175765904084
6.340615002859053
6.820857471423409
6.7580335478468285
6.28044324353208
6.472907963329419
5.901348997286881
6.677953050523296
5.7511064241184044
6.717644535169004
5.875374449815004
5.758411454574832
6.373592857604017
6.792988188376
6.062715431715354
6.775447416700867
6.419732507082735
6.6941180803164855
6.721279861736171
6.3235364632649045
6.247808045054288
5.747873395212476
6.695372555337908
6.680259414702299
6.303191633950611
6.3155162745395685
6.653004522266141
6.278388629260565
6.967721382774901
5.666521318521362
6.641228243280278
6.536355104286184
5.253647690337271
6.405096537732987
6.820790208597284
6.767667570077371
6.677581220913485
6.7589654514307576
5.783764919067043
6.483816723023072
6.324286235650074
5.233596775950996
6.282011885152041
5.684434349258538
6.20338754103588
5.903745777737742
6.43444095714284
6.608872666415657
6.792679107736991
6.345650247717007
6.537298978325158
6.114888781471016
6.709033124456415
6.387492037855985
6.38303948654864
5.579228739162005
6.021171146480484
6.507572579062309
6.263741204933879
6.822096235175181
5.8832590664475575
5.491023095114112
6.621618791000099
6.80430253434136
6.860799328981557
6.544265408607465
6.63852198794083
6.76876172181063
6.818087763284684
6.377734723275736
6.247944540731176
6.522542468590757
6.7171118220205805
5.6143652342837385
6.370636212013977
6.413089859458104
6.091273268998016
6.909940040181084
6.244955150308542
6.064295284256282
5.174953668765589
6.59397882913234
5.611325091691958
6.655305721910164
6.580934812380949
6.341956320020806
6.344753453106339
6.627817459642223
6.381272689657884
6.52814500616239
6.596775309362439
6.217947558976526
5.757703415444045
6.491053670002845
6.31881353829451
6.0606289905192305
6.382024789089421
6.378913791768788
6.447930265678739
6.129869329937051
5.430880000047711
6.2775509041669295
6.50727546393362
6.498913738897162
6.366927550610075
6.390973506275966
6.523214355856123
6.494648700301266
6.796627832043892
6.910916379730793
6.048172347552754
5.471628093560144
6.338702069564839
6.55942388021019
6.5352501003714245
6.392463742512717
6.5012445730134445
6.499371348084324
6.299682019822285
6.496691353407229
5.649462014063147
6.354884801292322
5.762337227654122
6.089830972154257
6.320624619941533
6.658013159327307
6.645732965111886
6.3419439280768515
6.193220770133497
6.306960817920967
6.355362469383444
5.2555312006156285
5.228934797046669
6.233966771948992
5.49185492645832
5.739234799011818
5.826666485415199
6.6366974101423
6.328043899167042
5.540768279262132
6.484434068758286
6.60443206735431
6.569863676559635
6.069028766749387
6.407416728641891
6.4094241079237335
6.405923554938788
6.390271155231034
6.332354278918984
6.498910771690387
6.671000756874413
5.3118246845887995
5.643934423615754
4.449081070808827
4.449081070808827
5.713130622296131
5.978878385872626
6.6714518544499875
6.329740825964016
6.436638254473131
4.490485957323866
6.593189321784035
6.571373948474719
6.719494128198701
6.556637407877993
6.751719522110026
5.774251268014648
4.650664667643916
6.176140180565831
5.514744794284146
6.329939256892537
6.274759095953684
5.84381323080132
6.054818120832408
6.1290190675981755
6.067482305889534
6.6544641211696565
4.704165911550959
6.4347858721005835
5.8786358009879685
6.184000861673418
6.544494592197616
6.658671406557282
5.330726759098784
5.733012988656487
6.601831324894857
5.432516394424724
5.355422054083725
6.584304998071861
6.633007792115027
6.685782596091016
6.6513401094663
5.310225161560819
6.584463200386249
5.832073865630026
5.872712528889512
6.627281735809376
6.41745705801867
6.5311507003496985
6.233397978621241
5.473098982316941
4.386088407528742
5.616234029330855
6.353641089795055
6.707937668361517
6.460404621893996
6.449761426232044
6.4297547298948885
6.542672824281006
6.423923960227249
6.362240944445944
6.234551884728646
6.116556599327502
5.4628864167400515
6.554578647532519
6.2711738943493955
6.234844571533085
6.30365297918479
6.728364422415215
6.390195961659639
5.367694035653955
6.223207829587288
6.1948019942582455
6.202829781045963
6.656582656801675
6.541411246994436
4.2839744580178785
6.697080063393894
6.434611477373444
6.284501305439907
6.688700880528415
6.397509695154028
6.891665550390471
6.54778963459286
6.655922476236178
6.654285352522194
6.735511995623334
6.559564538417298
6.508165014182872
6.571498974931892
6.648139897517677
6.576488277981618
6.576509014167385
6.576841903549564
6.761476568332057
6.576549911815114
6.5900624589816275
6.706045200460558
6.736996496036369
6.575378769145306
5.541082067700593
5.581770523921021
6.612021804892358
5.5002975974507375
6.686357940327689
6.738113099423106
6.576432170432987
6.455913577190035
6.651623782269603
6.835512148565165
6.686932101757883
6.537090566813763
6.349027978277281
6.616692971932444
6.343335175849234
6.5255115562302635
6.589450867826354
6.40719347585479
6.343500120086464
6.7525944513191405
6.6997352175718845
6.688944920511048
6.557681119599959
6.125013678984772
6.458525629353698
5.911945498744991
6.664644311630646
6.722201891266192
6.720502576782025
6.0888710677856395
6.527049646456547
6.555558075469374
6.623063342083487
6.537793714558205
6.393458712640424
6.683787539171018
6.717745192848014
6.207053821589135
6.535394420297255
6.610822458849402
6.790888971943033
5.386548106929432
6.445038092268145
6.038831102566515
6.578280060448787
6.795573349170425
6.613439101665673
6.5393058030955515
5.103206795908934
6.560538917400891
6.52315839417221
6.801273383656991
6.623966830791726
6.628626718756511
6.559107189413112
6.2565058102352324
5.312606190060027
6.21595700488351
6.618760046388594
6.463755514819191
6.243094364670597
6.085524127114589
6.540061361095365
5.584005812460923
5.774896823629124
6.699287139436063
6.5625331939184335
6.637898934587675
6.901559526297611
6.654728686288067
6.37010252512292
5.9093010893822004
6.531710827135782
5.586265269824729
6.516650474641104
6.6049882530558435
6.270509889103284
6.966259310412681
6.708040195158031
6.537766984376603
6.476994961362589
5.628050309333521
5.923446993357437
6.718662388215815
6.6269063597161875
4.707159283209776
5.014105310424924
6.555594094307498
5.4487326676552605
6.661553955852106
6.422706189927965
6.442323341140479
6.534748640656819
5.2532620849341995
6.4558129208470305
6.90607965319721
6.295559055030722
6.5487604040175995
6.467792190386298
6.363254832417557
6.5570939836514235
6.162400010605861
6.6609739205720615
6.531965522243382
6.164798274223635
6.232588192872534
5.901947856233583
5.502537773980759
6.285006781603229
6.324545669931808
6.057232004672311
5.489138727395776
6.649078037243825
6.502557196856525
6.2969043510851535
6.313810422402561
6.079785813151055
6.530557091430261
6.592922092349106
6.464155453007116
6.45712811191575
6.167947063820748
6.321706323500656
6.0949407831808315
6.5637547071733415
6.652703046404525
6.654495505007084
6.5341078776907295
6.1651015639371
6.388203237493201
6.435325005493713
6.476192370094594
6.358369561518359
5.7189727473055
6.319800372455397
6.5335503560605375
5.426168276911467
6.588198036011853
6.241919819711008
6.10853366787164
6.251158086522697
6.264171001495097
6.183463259882167
5.602793671848005
5.218639213459884
6.391877046625321
6.190897631400329
6.159017344084109
6.390779069622894
6.693949106673209
6.398120826766689
5.731410233047235
6.267241157586952
5.907311301354913
6.536417923143137
5.689032149124774
5.927974930105421
6.207901606769759
4.881879029832987
6.434043306130938
6.8203025037792955
5.2993935271863
5.312275117229767
5.495385430260232
6.667797599897963
5.8228450797961955
6.820934241400838
5.869614703798316
6.276536489344785
6.553267236859927
6.274767463425615
5.0582835324872555
5.61408784711319
5.7117227775984745
6.487278223306781
5.783771748727396
6.526541821453485
6.682960247696627
6.41704294482027
6.491294955880427
6.77633869010344
6.631155909696204
6.278130851431314
6.427195066239765
5.766587042761461
6.806821518056388
6.679422603086465
6.236991152482236
4.491953425169346
6.5361821682185735
6.588008677262113
6.591478756808311
6.48609918551837
6.408090081951208
5.775311253420359
6.764979986658172
6.423946473227517
6.262735132922856
6.584981161274094
6.378137044430261
6.034094593138505
6.689236505440711
6.046049708638078
6.6025898639611675
6.16391193415749
6.6221247641504455
6.117957381632927
6.234090296747979
6.598601372754082
6.5611472599369485
6.667509375156424
6.68439229708159
6.52375244237523
5.835259918789173
6.459422907503573
6.594215775345152
6.343174771764392
6.221559338670833
6.33107176134919
6.653475936923535
5.50177183877512
6.748678512150995
5.973313859469009
6.3490272012079565
5.191538601909308
6.415620012525466
6.187040130569315
6.2452800373594
5.507948881615373
6.414273249042132
6.646247564587604
5.670819057534848
6.42012124846719
6.727139157363624
5.011319986242693
4.905194099486259
5.082166726304951
6.152190081544475
6.484334222877116
6.4624855483551755
6.2346995737962665
6.376057857547021
6.404908585675052
6.679591195091284
5.765917669380915
5.835126479958422
5.993745465161258
6.488473616413714
6.20083312903893
6.669342239748342
6.2075225513402685
6.751678272951395
5.942061919999276
6.735654718403126
6.491913027331286
6.904709514016304
5.808087652301921
6.006666035854941
6.581011309268668
6.577658536144895
6.312932936522635
5.323059820811759
6.017272912874965
6.171572287837044
6.567531996275829
6.364385022953165
6.700126138460121
6.763044737789908
6.620537189175366
6.6528579060992925
6.395347142616828
6.7557792757580515
6.416099271809358
6.641832919512019
6.137185972114736
6.654914595822586
6.616620649625737
6.04803815779994
6.5576596842403205
6.534875846352914
6.426862165938843
6.576332023777372
4.066298104992789
6.669720911390151
6.615932056687058
6.8992403882796545
6.663178024060194
6.392132198457567
6.7805750279351855
6.364021856227939
6.049395292325652
6.386463422229845
6.544110578348082
6.526795108451978
6.752140784455179
6.406242180868894
6.580970199027554
6.544115440109945
6.481255937075421
6.245049370420343
6.672207153265916
6.442330663454769
6.514993364057549
6.517544917376995
6.414619337586167
6.374892398675907
6.225351731253308
6.387516669943885
6.317081079265325
6.512384545877929
6.283960269381485
6.982591092895291
6.384838453289703
5.060568909957487
6.656366743058918
5.698172177650537
6.4958315435208895
6.470506918741208
6.376491982215491
6.171793658315316
6.282750209409738
5.890541917846576
6.9078152389204455
6.402279800599832
6.508910509573177
6.457323167202464
6.3680165125099855
6.442163464522864
5.380473208389629
6.5996179286780965
6.41559845615469
6.588544896958648
6.179690314280226
6.526614364386468
6.369664131919816
6.0894880124696495
6.398051387761367
6.577018085218313
6.72357271731066
6.543125629673785
6.610706511337526
6.415558281087186
6.393876695352795
6.534515830060393
6.734986387670553
5.526852283945928
6.465839044979067
6.5236309558847765
6.525731447452696
6.278791702284025
6.831201803903845
5.969251994933963
6.042582930509543
6.790502449360755
6.4001783350372765
6.218202806736489
6.700154581249443
4.4510516609670905
6.2014626228940735
6.581614568547828
6.292242659327318
6.7163904079989365
6.396874314573765
6.640866499344096
6.3769689767850615
5.6981301092481225
6.594930089323906
6.666606395573552
6.407991273947879
6.528770441157327
6.577492447311364
6.359036620421875
6.563068863944142
6.12701744952707
6.576573482829499
6.905199635962369
6.906443760755415
6.657720477717774
6.21866379914297
6.694440494195721
5.986691956261527
6.222004346596762
6.529671392677116
6.458055132253747
6.451206296299251
6.604916006535699
6.081820368168007
6.7351371052262365
5.282690854244315
6.700834401466402
6.4927961970780785
6.504420253381088
6.430915082763601
6.441890257336659
6.7101851993561645
6.914488999045133
6.652863183378916
6.638332499327312
6.373535947840104
6.16367044879761
6.358776707026749
6.163225735036892
6.159576080551904
6.540513584652583
6.612849295415199
6.650005681907235
6.518125116109278
6.175769217718383
6.381983090848276
6.598445383324243
6.590446588737578
6.577562053063222
6.461215766556769
6.219008650212913
6.021560191803239
6.133980166333032
6.700873610054369
6.691141363345537
6.389578727656058
