-4.594078786368231
-3.502284443583733
-3.345150329685792
-4.145372563632231
-4.040568904292137
-4.7287483384947375
-3.4577993692563265
-3.344296901357355
-5.130910158973549
-3.6158126083458555
-3.1749955563757766
-3.1132150228811017
-4.898441021624315
-3.884443153555445
-4.204782206379903
-4.407817045896751
-4.153024025046854
-4.717208797007197
-4.816391119141915
-4.90534340922453
-4.079703563065758
-2.9086192804636752
-3.9358847259996885
-4.889938983071325
-3.5554336432121794
-4.186537801959824
-4.357982132175765
-4.585594972070087
-3.7964101245166137
-3.6956511440933255
-4.8950113888594196
-4.828743282024384
-4.703478090065026
-4.30477464889462
-3.2122538008182957
-5.086703040753829
-4.540925637766383
-4.61075337238875
-5.220142929919595
-3.9146832527609163
-3.4035625246476418
-4.5399932593747625
-4.814241243236422
-4.063381028143565
-4.119112604696985
-3.7926359670987058
-3.527209265341165
-4.2290067553767905
-3.9298677082859683
-5.077856790786363
-4.17671562408038
-4.176325712387252
-3.6070742155209867
-4.224927685668803
-4.789856098896507
-4.343883575604016
-2.7532966817601867
-5.011701289099939
-3.635032570425235
-4.344839501303127
-3.788906598539194
-5.433471220275898
-4.758829934609551
-4.7497398466000895
-3.718220882302454
-4.7828918952193575
-4.518306484908965
-3.5623351192147332
-4.3623445446761995
-3.6425783567767755
-4.060617260622887
-4.402484051821933
-4.65489998954048
-4.851597717880052
-4.6974432284816
-3.3995166812969
-4.881514025843387
-3.4745761224486635
-4.564016606575965
-4.144767419599088
-4.24541482664678
-4.2302825216698
-4.473960825965655
-4.365602942963831
-4.356487628297089
-3.734263692746744
-4.480566732840659
-3.4495895241173393
-5.238392323014372
-4.346832334533945
-3.5359971376989545
-4.1312823021248715
-5.017715555667554
-5.141489055874249
-4.469003453951096
-4.156058822580999
-4.689731070593698
-4.358979750663249
-4.38300364317533
-3.7849955065120415
-4.42352940369792
-4.369826873234379
-4.707700159476222
-3.7143636276426992
-4.81219753001081
-4.660065906469095
-4.376438435796452
-3.353153810160318
-3.419559132734916
-2.841737526922353
-5.102815781987978
-4.429290573471258
-3.5568409432454633
-4.246878964643518
-3.7704278183035314
-4.305733846313183
-3.35056729330992
-3.4710954455819785
-4.556743965963289
-4.087825811873525
-4.750740438417196
-3.6631475293332176
-4.5437748532812225
-4.389379899673212
-3.7251577549731163
-5.110932156454405
-3.4120842717700537
-3.8478796190511115
-4.664436199999747
-3.994261877549448
-5.301679372568142
-5.029349156980842
-5.132867658515291
-3.0946545602702518
-4.898008615946406
-5.297911046399786
-4.35414819318062
-4.995119690179994
-4.698736058120801
-4.2014742930374265
-4.897595168942637
-4.117990710657489
-4.717217639429482
-3.8767504039266782
-4.786586437982196
-3.9480706690212344
-3.0103015180490758
-4.616938767604648
-3.8774532694854464
-4.785484458749757
-4.4234639065226204
-4.542652440264664
-4.920421687562122
-3.5603556514960957
-4.670014702462186
-4.067688783810251
-5.130592175790724
-3.8544328445389127
-4.826017569314008
-2.9963023841178718
-3.4011043310657314
-2.9519892879410303
-3.523470788321191
-4.83750682218662
-4.6716492183748155
-3.4082804760614973
-4.818251224719104
-3.6924207204481974
-4.745657849276347
-4.99559889757535
-3.9348096850902508
-4.036779113888656
-3.8605458098633108
-4.319856473130123
-4.537024152897009
-4.5635951986529015
-4.476204791304653
-4.06392270393405
-4.7251277427468406
-4.649460771866364
-4.162386196151523
-3.6741182494329703
-4.6375579258513575
-3.966660584217646
-4.1826455251383
-4.798937431675972
-3.9731872890608955
-3.866489379274178
-5.003915665421978
-4.5214880637783
-3.779287633714276
-3.500388375032248
-3.7939763278960346
-4.435330445403656
-3.0294608333661426
-3.89210320706335
-3.439714939956456
-4.290601554103215
-3.9018912285453116
-4.749582899830743
-4.223206215762216
-5.199508644833163
-4.818243461961504
-2.920880104241185
-3.054569577390229
-4.795954775577345
-4.39609479873101
-5.795710886126379
-4.316578133814414
-4.385360051959363
-3.6638489854295244
-4.334684127275297
-3.887782517011992
-3.611061969990635
-3.6743014493884623
-4.4795810910861835
-3.616111994126392
-5.247599926132912
-3.7992500423051343
-3.832054256153304
-4.9901021301901345
-4.406072092087806
-4.272111468115895
-4.906094914654872
-4.665965604100336
-4.302339632266905
-4.502906741997563
-4.824036953908331
-4.1640113567984365
-4.162688956944551
-4.75167669368358
-4.654933319197962
-2.9463430714020724
-3.8627900852282124
-3.55040209851869
-4.8360169234918295
-5.301900894195953
-4.857574751587848
-3.4532334860161438
-4.842112563079034
-3.9899146207494613
-5.21136037507245
-4.025337227246165
-3.018088151508463
-3.3351603464424766
-3.4875881059808016
-3.343820788086221
-3.1000266620019232
-4.595584705630133
-5.131624363586431
-3.214111394444723
-3.659154896335057
-3.8021111400525314
-5.003963743863075
-3.5957330795361937
-4.538885287139092
-3.842132785978597
-3.3545276293763564
-3.9954904188773206
-4.781028856147135
-4.413800595194063
-4.20748438533159
-3.3404208710458807
-3.966737054350288
-4.697847235009515
-3.4059232258931775
-4.564558828529833
-3.980344915879396
-5.154449678892053
-3.6101699203045357
-4.195801012992462
-2.9585861775086286
-4.337431124385054
-3.761292071250388
-4.408922969449227
-3.420642521758774
-5.378800436846216
-2.8165715906080777
-3.633617615067733
-4.373956710402142
-4.358536354635236
-3.181431848368547
-3.5751309933899975
-4.215532203324209
-3.839999628824991
-3.7164973541751554
-3.1035663731509047
-3.714183896241863
-4.386747553920436
-2.99251262951641
-3.7143461863072176
-3.7189219906469795
-4.414418260992431
-3.6227782312601686
-4.517778257668182
-4.580041792652244
-4.513563662551153
-3.7360566087977922
-4.392026074071653
-4.845760876851299
-3.8507899008799438
-4.111994258603007
-4.442378770087808
-3.4657184128231133
-4.1726087456995735
-4.026589169121781
-3.9381053875221372
-4.3910446559308465
-3.342365293149763
-5.208940499530717
-3.323835724345665
-3.424887470173955
-4.446355038970255
-3.8124002872122666
-3.2248931309131557
-4.117992391011059
-3.5479536627420227
-3.737618969058941
-3.6177380829355794
-3.2020489848811433
-3.645429265584264
-4.672549430493376
-3.6586275348861133
-3.358014396667466
-4.263920313497609
-3.8877509365341574
-2.8206052544129854
-2.8265839533560104
-4.161858717187274
-3.5138083911257354
-3.7531281428026357
-4.212539238715268
-3.5689628757033542
-3.3685676864446226
-3.437747925178101
-2.8922623416815654
-4.329542368318119
-3.9800401706653368
-3.800840680866303
-3.952510093287785
-4.607131584325099
-3.7311489321510045
-3.9840731266760496
-3.7037304712318324
-3.718259858988249
-4.281182668951466
-3.8692252638044042
-3.4184233141436184
-3.6916957095309915
-3.518606913028231
-4.068680997635147
-4.513955356339862
-3.761663353456699
-3.7730766348425977
-2.615621800002309
-3.7699057868765102
-4.548716641074407
-3.390719737519998
-3.9971765912664132
-3.38125583587958
-3.7145039776531465
-3.6153509842700604
-3.961433721508847
-3.223106162339194
-3.8166417116980593
-3.636346777511422
-4.477552229746534
-4.243897341290003
-3.666504087900824
-3.2974985461025064
-4.523432945510578
-3.036060069816239
-5.146781885881019
-3.4136878835708195
-3.3546493274814946
-3.453136281119125
-4.362016134222648
-4.001477564525322
-4.329027039104087
-3.972123036991121
-3.8155454454444424
-3.1414758793218187
-3.672307029746033
-4.12188597698289
-3.101420536935656
-3.3560865097177395
-3.907436674372441
-3.527220765699198
-3.328930922778138
-4.701972261957247
-4.071399465430428
-3.851370846029294
-4.254439624013276
-3.0544283436647675
-3.3903179133876407
-4.4767051809020515
-5.026224387634604
-3.936806230924592
-3.799111721966252
-2.8620161250003093
-4.113496397712655
-2.8774653143505535
-4.6698045564414485
-3.875655778690147
-3.230331785158125
-2.9676976405532223
-2.938868566728461
-3.52485268434609
-3.221554293123136
-2.7403299615402084
-3.2796669642314864
-3.789575864726485
-4.058756590802284
-3.476640061037603
-4.093030452098468
-3.387440008154636
-4.365637501229411
-4.135510029473306
-3.34355453569988
-4.257221193660763
-3.365011856284081
-3.68664623483226
-3.765030145241955
-3.7800049723862585
-3.1004498027089475
-3.8058942097599306
-3.1670258952774475
-4.523999346665347
-2.6642942146142783
-4.240341638652547
-4.5531989469232155
-3.1328879260529146
-3.218801851426134
-4.638487214134695
-3.3777608460817756
-4.634823475248028
-3.704031993902202
-3.915337693141769
-4.383753842858015
-3.9281917475977544
-3.33677091058696
-3.6068135376473975
-3.4747264935464734
-3.9726735095892156
-3.9704027682363563
-3.8044904373856347
-3.238116531061177
-3.1911119604937035
-3.58018066376642
-3.776876078138928
-2.3613641371926146
-4.192045813335113
-3.7809243781710826
-3.7838848298683008
-3.954609085761497
-3.9449291037282297
-3.9268536985257487
-3.441580700494841
-3.1994170113134786
-3.7726372751260957
-3.8346183160113245
-3.3539960099894657
-3.497709249529546
-3.4174983654254394
-3.20304028704078
-4.2816862384856265
-3.5279002672350046
-4.358753214521299
-3.1481118330921785
-3.0109420339848807
-3.6398246734295263
-3.484701668091395
-3.5531509302018307
-3.204026770492071
-2.424026855299868
-2.89870985564375
-2.740140786515541
-4.186991562957196
-3.0204282052284785
-4.027044910258555
-3.5359762041029654
-4.971610441434825
-2.9113794354771674
-4.22542209439777
-4.212589742074709
-3.846380062915795
-3.566437422745379
-3.0097459791414707
-5.205121258767578
-3.568671130966198
-3.894952959123682
-3.6447289643599188
-3.3630044289782557
-2.83982304158976
-3.351576406150439
-3.0448762529161364
-3.5088919924004394
-3.036052518445562
-4.425911469918196
-4.064742901829636
-3.86007242743516
-3.047500035307152
-3.9047062062654696
-3.943773786468846
-3.0638732078604907
-4.238597482737877
-3.6373341118277267
-3.5954843776862635
-3.1911067251327037
-2.421308541582043
-3.928799302453646
-3.1878498865652674
-3.680286843816736
-3.610345789813291
-4.9884656138407095
-3.3424419488302703
-4.524177789426252
-3.227017679495571
-3.6012458732269153
-3.98572684432418
-3.4998355273331256
-3.3494273497203135
-4.724853506434217
-3.7091990224754348
-3.6407475318672056
-4.163086268872881
-2.7360952519813146
-3.9104592336308457
-3.4392705955484963
-3.1651263663609193
-4.651774764548016
-2.7605043770407534
-2.72450824489667
-3.417124233872862
-3.1522909702619124
-4.17544056316564
-3.852471502419572
-3.51269939491546
-4.794953713377385
-4.231578387843964
-4.402298682297689
-3.1589627292968085
-3.2308475486738004
-3.1602551442364177
-4.020318849651979
-2.9855230628959823
-3.1231476682387083
-3.7920138795403684
-3.794625325316918
-3.557462407149842
-2.892260126618746
-4.2555437570651
-3.8271864069654633
-3.442583891700391
-3.4310783828653406
-3.8234714408563164
-3.3372914457626948
-3.3180585788864843
-3.4113409006866693
-3.3279916669141514
-3.8022977868817556
-3.9930556647781312
-3.02699139293237
-3.3520509013240236
-3.798687971098442
-3.5596182500761806
-3.8266543915362874
-3.23152186628535
-3.640137514597786
-3.4407738876040668
-4.091849226315658
-4.583674500230423
-3.411494495910137
-3.34249102016247
-3.3738597096459984
-3.579116605115308
-3.8155304560089203
-4.078511607290496
-2.5994967755853793
-2.872822941176551
-3.276605524152451
-4.749215714459204
-4.143796927485987
-3.051141464542514
-3.3056320424076606
-3.6687017351105027
-2.9716651254976085
-3.9811973922726
-2.984290974682631
-3.299127221763136
-4.288399530958195
-3.196884113584918
-3.46486321844079
-3.6742781457508773
-2.6150777206982703
-3.711999641376451
-3.320229025337092
-3.5074476258009106
-2.606773153009497
-3.7665787948907177
-3.599745304458052
-2.9609861414835805
-3.1530726671494804
-2.8275637616353357
-3.6462069313287877
-4.528589512533385
-3.5157736165318774
-3.126587704832078
-3.388815823227638
-3.3976348132521714
-2.6775459423086563
-2.63208392974782
-2.734935405109759
-2.8935761489711496
-3.570002852792536
-3.8434813141602557
-3.3202158491772256
-4.167934063074277
-3.0879909521017908
-3.2834950418418885
-2.4383264579047665
-3.9422583589469458
-3.906924872635509
-3.651394794297472
-3.5596907128654873
-4.360143520945819
-2.8489821199860614
-3.3797117575336326
-2.988535106696176
-3.854339431437543
-3.461771752045699
-2.66280031295026
-3.04404280343112
-2.5974353397581567
-3.904452437317394
-3.225881846285075
-3.509140789358602
-3.4324497685770474
-3.6911578816688966
-3.3326346435669354
-3.731337668635746
-2.945149687625328
-2.183433482276378
-3.209173426703515
-4.827473100194153
-3.093100133139872
-3.2631584599138694
-2.7992520918019217
-3.6726637032486487
-3.253565717933215
-3.2206439193683707
-3.322430136756667
-2.9042126565800714
-3.7794895156151522
-2.6931690394070813
-3.597357663709225
-3.211505562966261
-3.966160469127935
-3.5867735435287926
-3.5387542506848657
-3.692578710719026
-2.8733514726789817
-3.095738134005165
-3.2378058034510016
-3.7485227106022236
-3.229789337904757
-3.001312455181587
-2.921061548106062
-3.3967760325629595
-3.548458135779647
-3.1191362982919397
-2.696800318766213
-4.029876564648788
-2.6534163284103123
-3.7930265699730263
-3.886624592911245
-3.8218959576719698
-4.054590483213236
-3.8105971911182053
-3.1122907190429068
-3.2534791148318885
-3.8960027622678517
-4.639256774733756
-4.482962233133845
-3.1857818346120474
-2.9301484446809454
-2.650325790108427
-2.397871809039252
-4.973626759506969
-3.292627977930458
-3.4481947297499396
-3.823060040893706
-2.8122831660063454
-2.999589214065658
-3.339109148520235
-2.6966264635000954
-3.2311118241833796
-2.8273358505540855
-4.868043091002251
-3.113886942602882
-3.236525755993231
-4.669454229122287
-3.0890738594382725
-3.6945348446362622
-2.79202949953452
-3.5428150841420276
-3.273090023030772
-5.009766196495081
-2.700341952782022
-3.4511411323084094
-2.8161156368403404
-4.118143274370295
-3.169275255330966
-3.5392340199970214
-3.685476295522527
-2.303714630206775
-3.006522285233963
-2.4463562463431803
-2.3557600065080244
-3.5336451648813227
-3.419868047403517
-3.3232130783899
-2.42538514099574
-3.398138014774684
-2.9149093857419697
-3.995625863774718
-3.056853689794451
-2.8815378690076763
-3.8483591213329973
-3.333069121422888
-3.149906693538872
-2.931722547680062
-2.8593075256029348
-3.9127156424017766
-3.356501794532578
-3.27457314066997
-2.485352962679052
-4.243783436093484
-2.922796534487553
-3.0457457546902376
-2.8106213078793623
-2.9517104072213005
-3.959530369578882
-3.214380103471669
-4.3210781207335245
-2.8173025108022696
-3.398482574919008
-2.8154928561189294
-2.75420890494612
-3.6714450038824182
-3.211781129790946
-2.48040628198906
-3.076055964928374
-3.7938526547333353
-2.6982501908692544
-3.45561375870596
-4.062613686647804
-3.630067711596631
-2.9376292033702356
-3.125618555144385
-3.09058473858088
-2.9771845459725697
-2.6413861262877276
-3.0207145127078263
-3.2666073641092552
-3.307402720334956
-3.242980943202996
-3.262988649372611
-3.0628337765880147
-3.3089746520373104
-2.1802256068866654
-2.9238517596520808
-3.954059400789161
-3.333655766107725
-3.1625833749992402
-3.9259311111242567
-2.5474299144280774
-3.3335932212704407
-2.831614280227601
-3.2169561748069384
-2.6746233157445047
-3.6202763728584397
-2.9880033344912853
-3.325186736433711
-3.1420670055256483
-2.9630968578496173
-3.5001514756010508
-2.868099686503669
-2.598392896822368
-3.2210872563527637
-3.497526105349092
-3.045708841455271
-2.949732376960238
-3.330009665451712
-2.6115394909476155
-3.162728590531252
-2.7448173869552157
-2.6286476662105756
-2.65969394909218
-3.921048910101593
-2.3621261002406797
-2.9208621395164602
-2.9983693673727068
-3.7578658641448843
-3.30170575531546
-3.1753989423438647
-3.6307897409560574
-3.2769616606239715
-3.2102832916483752
-3.2977160629269218
-3.3847394748610284
-2.7382905228862207
-3.048208344945989
-2.717331271388918
-3.3767107388959072
-4.005282703445111
-3.504024463560274
-2.497451161619926
-2.7565160625274867
-3.436564874724427
-2.789200378731138
-2.6449449981812485
-2.8755431346955778
-3.7248541642354436
-3.5580037045340056
-3.5396464404558152
-4.151030887478074
-2.310664226354449
-3.000142702238696
-3.963342889532905
-3.1845571705032523
-4.409161764422606
-3.298800559310287
-3.2917339068500198
-2.909904376428104
-2.3142696355937797
-3.373882537752081
-2.963696011003119
-3.499023229816924
-3.555037020220057
-3.037350655299898
-2.619663870230447
-2.918914360317306
-2.4702003189946176
-3.5804976357751315
-3.0834930851376328
-2.309407954516651
-3.170951686326859
-3.039345796543376
-2.8797238454517977
-3.147497753092823
-3.272931160300523
-2.452505391430808
-2.9832890901394773
-2.2109214547749083
-3.107108081971944
-2.824748463210023
-3.073554161591643
-2.104803322897011
-2.9325111683357292
-2.750877241701698
-3.724308667309213
-3.066550192250997
-3.4936637749308836
-2.9698636425698623
-3.2022303405266523
-2.448251349419447
-2.3582978266705936
-2.970899188837093
-5.105618265161047
-3.1194209108244166
-3.082067131105907
-3.002221764256591
-2.696744511866303
-3.403323208115099
-3.6616731184349973
-2.872853848204576
-2.8979258382556417
-2.884670177112655
-3.1557077556497486
-2.997246556838494
-3.2746816399716483
-3.0412570548238236
-2.999331226580301
-2.593890149798826
-2.8419127657143886
-2.407093031570593
-2.684689849324009
-2.0293542482190574
-2.141815765503397
-3.7850473553082615
-2.1357155378976476
-2.839860974616176
-2.3566055241410666
-2.088809733831132
-3.384128000730543
-2.6818582351861355
-3.1760243734946023
-3.9149273110717715
-2.849956192477867
-3.3164615256279504
-2.0744080487011054
-2.720897317122507
-3.0067616883289077
-2.7063435709104677
-3.070788638828665
-2.417171839689452
-2.7859426691553413
-3.1727795523704767
-2.9450625835771724
-2.5515405813073784
-2.6850111904652003
-2.510178301512221
-2.0367471769011747
-2.16132062093728
-3.072777291336502
-3.260154164625911
-2.563448690325391
-3.169366446558602
-2.19429278770245
-2.325935508882118
-2.1839511262094753
-2.7771456811491912
-2.4903707860922655
-2.6549316580865288
-2.4789056233831417
-2.3911241066091975
-2.317872401550513
-3.001446661529254
-3.248328147499624
-2.073687132227951
-2.796955219711961
-2.825097188756313
-2.2708568000329468
-1.8782406051084717
-2.690912970704698
-2.743873917435929
-2.3395722800936642
-3.416410686112144
-2.19904366803201
-3.1315559992661317
-2.1163700471747937
-1.9468171191950532
-4.328352895568354
-2.066139414884743
-2.4767070017092436
-2.801942138171407
-2.85128857944302
-2.6118521715052445
-1.9763324441707102
-2.705333800967624
-2.0542232265200084
-1.91639401788375
-2.541096904046304
-2.3700754655079024
-2.0357056859088676
-3.2164932520915617
-2.6478856091167646
-2.110915831544583
-2.282764178665113
-2.151233015230112
-3.216081535675375
-3.552959068756744
-2.6849947644907104
-2.6168927299357456
-2.1846336387603102
-3.247083949324786
-2.2250201243056935
-2.4265918286904533
-3.2867789486461643
-2.7628786953090145
-1.6990395556963005
-2.1030381831083
-2.732192141325603
-2.3073194839245055
-2.9697522776461724
-1.8878428511066154
-2.172846953317441
-2.145120605197043
-1.9761502954805668
-1.7178630859183759
-3.633403104236443
-1.9346758240907285
-3.0997597185921837
-3.019603531879291
-2.930558979633078
-3.951252038643897
-3.300574879619507
-2.3658355797834343
-2.5718206472438006
-2.4766348162215657
-1.9215798278256297
-2.3883838045705534
-2.634604534402806
-1.6732720481799195
-3.0924871509187994
-2.072492006736958
-3.574522978705456
-1.7958465463277626
-2.456420450796447
-3.0818769898834315
-2.0466215167391617
-3.2336139946398603
-1.833536227268743
-1.958137300515597
-2.9297115502524402
-3.634238145644808
-2.5474020647137685
-2.543567277022044
-1.63697724688544
-2.375313114109888
-2.3748714727161264
-2.4476537256775064
-1.8873282054240743
-2.6496860444101706
-2.189269055768742
-2.6995821120190673
-3.1617869801447167
-2.4937505641262003
-2.8428447825010235
-2.6118856609618337
-2.8217283769929793
-2.4515450482068246
-3.03970740660092
-2.2567382011630226
-1.97566202614356
-1.9590415409384434
-2.2219177929723273
-1.7595955149818803
-1.740342531828853
-3.4078366997392404
-1.681583740510396
-3.0392764892982136
-2.4781169451342464
-1.7657079445468433
-1.8968311154142956
-2.8730727023568186
-1.8386418182401094
-1.8267611580892122
-1.9070161848907468
-3.4430209444784197
-2.514681678173865
-3.559138297942013
-3.9643454630952206
-3.591120023215625
-2.2173929044462213
-2.1527474536013376
-2.1287000634227287
-2.2918080088139163
-3.0270765664646717
-2.975043199329347
-2.1936267070827338
-1.9039198486840228
-1.6604609655182596
-3.677459445785008
-2.1580519407598455
-1.9140334372821908
-1.8034656815806702
-2.2142209254006415
-2.2240449345394673
-2.773195517752116
-3.1663174953696807
-3.8047007500861376
-2.2948244445042327
-3.1659290152844015
-1.7178827885771462
-3.242295886932089
-2.670144407001791
-3.407331104711636
-2.6231906431342793
-2.3706751441117717
-2.2958890737806676
-2.5407682107068137
-2.3890353559450013
-2.649790711289608
-1.8454688803269903
-3.026165772418958
-2.1611209976068313
-1.7921360809245908
-2.784494307329256
-2.9461057686551104
-1.913079297863769
-2.1745463010501123
-2.3686571233397657
-2.6016296775976198
-2.710951233292457
-2.4277577357933744
-2.0824163204253274
-2.88575406685381
-1.9493733811615748
-2.1007757911467806
-1.7501037135478033
-2.438513101121135
-2.2886134710420194
-2.221624237762647
-2.3690501302256166
-1.9289090494897518
-2.0222851970842974
-1.7787702597932231
-4.078726086153388
-2.358180110238841
-2.6178694629189376
-3.1040812141560217
-1.8873865460561348
-2.7060209986122974
-1.928894334874263
-2.3519166888385428
-2.6803770400032505
-2.107980988971292
-3.296461052954779
-2.2078383905931176
-2.3032226067889194
-2.1974658999699592
-2.1897386053558563
-2.4929211993439164
-2.442904299448811
-2.778060967765379
-1.993177785837398
-2.123926304920248
-3.550843794300345
-1.7875239904154085
-1.7126932463936964
-2.693927922232046
-3.278861525475719
-1.7855485952206607
-2.449903386008973
-1.9591568846470118
-2.2325910909913986
-3.6699960957951063
-1.8606010995089566
-2.6289893215384588
-1.9903624656569576
-2.673767238691422
-2.9390914838506017
-2.093751588505988
-1.9836361523251984
-1.6916995397569696
-2.0476203536323503
-2.4273911943937314
-2.3418998846680683
-3.603514555841116
-2.306980940137823
-2.394614903984426
-3.623969411696958
-2.5513775935658387
-1.73758228268823
-1.805848579763147
-2.187744648313565
-1.6876987264397325
-2.8758970093463105
-3.225717871991824
-1.8187402694136088
-2.372525146203481
-2.3239807754753556
-1.7316487101258922
-1.9602776316169965
-2.395865410181125
-1.674344953638963
-1.712193560943927
-3.001053681503622
-2.510357816290597
-1.696065129694336
-1.7065798084066088
-1.716908100584389
-2.2890493435051056
-2.530328162070548
-3.791426693605679
-2.260637962925964
-1.9115225100501831
-3.171543513848862
-3.2325016623066425
-2.836264081221202
-1.843498405822233
-3.2713553702005846
-1.73202259363606
-2.396232405240225
-1.768286356704822
-1.7978948910603556
-1.7384620416955716
-2.1874352454775696
-1.8832123126522866
-1.8645992831356573
-1.6009278449483233
-2.157878786511656
-1.5094100054390633
-3.328819168384438
-1.8565621640358092
-1.9328057243656431
-1.7001552167309324
-1.8524953969327793
-2.1170141437663528
-2.30555888551112
-2.2025762787401995
-1.7125692509769568
-1.8131230185837488
-1.7327605904147738
-1.7458623940666893
-1.7695982663187735
-1.5490156264187043
-2.5730970569681997
-1.8338322430714413
-2.983325666206957
-1.7839979581834715
-1.608451213538677
-2.449265342429886
-1.6643788991374127
-1.7746352477683
-1.6868680642613114
-1.8814285130323576
-1.897125846990157
-1.9761505808331288
-2.6496356070438143
-2.810997023315416
-3.251672656267136
-1.6525234696233042
-1.932179974081727
-1.9640530589928282
-2.003336977447164
-1.9370688064596973
-1.6919580511616186
-3.5952748575828117
-1.6735148969930105
-2.749202083516778
-2.0097323426466147
-1.8040861546061446
-2.715231935539947
-1.7063089001131075
-1.8257630481735472
-1.9283516215198517
-2.4140984566654033
-3.9796932870475246
-1.972558905474438
-3.2876022697547036
-1.677870497856068
-1.5741430101455034
-1.7838230539558388
-1.6428286666230907
-1.8305082013977199
-1.659920864274369
-2.7132593022255964
-1.7059345377841488
-1.7284917943048796
-1.7739140978192882
-2.63604775127995
-1.7136217540498997
-1.6775797377799382
-1.7699389374614878
-2.820069870508604
-1.7192815364028906
-1.8630700236672535
-1.9296152495364929
-1.6741945620474201
-3.406517501001602
-1.7150921364129186
-2.019736146925265
-1.917393404940407
-1.8528237763443016
-2.0882371855613435
-1.750826056886373
-3.341630631054622
-1.7302079533431893
-2.309446519662707
-1.7104606546529997
-2.047630494267274
-2.4380697963630062
-1.5453370242003661
-2.859667036311876
-1.665118408234017
-2.408320028623626
-3.134573023622476
-3.1590355668624337
-3.2252641483980717
-2.446308130106072
-1.8746863992394154
-4.11581740795628
-1.6071668353347999
-1.8815508016936064
-2.0522333805577295
-2.6228014152686665
-2.306344447619578
-2.050981497813803
-2.0996267208043573
-2.9028999548542416
-1.80732756380268
-3.29322192005497
-2.7146069136526627
-1.6169966200579644
-1.6692511531257033
-1.7755361012782789
-1.7352371000315525
-1.709094348738704
-1.6931905334052786
-1.6165661529297282
-1.6725510138323685
-1.576474125452071
-1.7199938424405765
-2.323505970162996
-1.8797146596996335
-1.6816336249685424
-3.923027620907323
-2.2697767044980584
-1.7773931548562238
-1.7239498576533983
-1.87141775913903
-1.8752373578381842
-2.521503097362407
-2.8913647138093275
-2.075313523268143
-3.083142276836595
-2.065667748404559
-1.81567266813847
-1.7407036185711036
-1.831953272497227
-1.8156832080345922
-2.1467570558930262
-1.6313661341342804
-1.7983618460607822
-2.3304371536089477
-1.6374266336029493
-1.7300584336097788
-1.8576350304631646
-2.2769523933704914
-2.7010080201961184
-1.7848793013133424
-1.6987263194075073
-1.6270959031625178
-1.8551745902350696
-2.4661471586131594
-2.2086825175182696
-3.0947037583789463
-1.6705744253101713
-2.054806859781902
-2.877633476100538
-2.032930591892235
-1.7445074314323588
-1.7056284846591137
-2.2473465923393317
-1.8784186962824378
-1.7230636614263926
-2.3031446634735744
-2.95969498018507
-1.9870917586990249
-1.8763893063876385
-1.8891627798196282
-1.9059730225014917
-2.3713325518312445
-1.6174905406429065
-2.1360908439370583
-2.387521651915508
-2.2524344019360036
-1.8362230088387879
-1.6520299830571172
-1.5940957764725638
-2.3100207550123493
-2.1942953358810957
-2.125891388262785
-1.9923578873818837
-1.5530074300602283
-1.7452285756478485
-1.707795814155748
-1.6212270176653654
-1.7775507399621944
-2.5639837259557723
-2.067534739020086
-1.6602085277402328
-1.7722260200567828
-1.7537429575478907
-1.7868921868155194
-1.839275810927882
-2.33531293533434
-1.747151573364068
-1.6394849891239476
-1.6805665844577842
-1.8603120181558541
-3.466131901583834
-2.697108982918902
-1.9349982742265475
-2.4900943960601207
-1.9121201047047993
-1.8949853217185897
-1.7992645283737172
-1.8053018444714652
-1.8885900259957058
-2.23857449960256
-3.1045712876576594
-2.695571982395597
-1.612901203069793
-2.9021684619422885
-3.3344907604575464
-2.786041207908454
-2.968392951438153
-2.3848157183888024
-1.6592511099316152
-4.048686550066657
-2.0296174867276964
-1.805067554151659
-1.8310398839826956
-1.6664049223429505
-2.0441085121283713
-2.0275267648781625
-1.9089972388430283
-1.7967492653561852
-2.7187763045710547
-1.9231110242948404
-2.2570388312175886
-1.781002665198013
-2.1616270523220074
-1.905560810427886
-1.9896947601827453
-1.7225987331288621
-1.8003694257824083
-1.8531693525413253
-1.9392297805767118
-2.777895156610491
-2.3305709097222618
-2.4779784791597574
-1.688513095100669
-1.7169545447895924
-1.7807293980094485
-1.7283197270208603
-1.6675337760811306
-2.275862304453085
-2.0909209197869565
-1.7297197731663108
-1.745627279181699
-1.7265663949283763
-1.8827414516132315
-2.1462487279794367
-1.8527986764731867
-1.67065752927609
-1.6730982991514267
-1.9091466680894342
-1.799162122129296
-1.8244167701635714
-3.7607166041455464
-2.082295308268982
-1.5713301687201344
-1.624686515100958
-1.6690376678592358
-2.0197982674677952
-1.8556812597671488
-1.6388145051587877
-2.1030103580026474
-1.7459400371506462
-2.500054377289503
-1.5190352119456696
-1.944435643574506
-1.8105580947092328
-1.5704478829630322
-1.6631676902702672
-1.8947008307112618
-1.7017312823870832
-1.7228825486960169
-1.9652042780104608
-1.5843359090512514
-1.8663314273992722
-3.5305225382930487
-1.5162425276412232
-1.5340991991122959
-1.643646933609208
-1.71943204676489
-1.9357619776335966
-1.8207756024361395
-1.5441272595172748
-3.447388811295717
-1.90232115263181
-1.6279395701324546
-1.509153279473022
-1.625881244510115
-1.7117950019954957
-1.6921606760327457
-2.8357849045977606
-2.1899660739251523
-1.6813822264243843
-1.5272804518181875
-3.0131818667192594
-1.611344279155574
-1.5555208818606836
-2.2372647294294463
-3.108940640782503
-2.5569461320980267
-2.4074974541288228
-2.009575041522666
-1.66781564201552
-2.1088158679249194
-1.6219380999983812
-1.9180960466752364
-1.7671833100772574
-2.0277897421695297
-1.5516782564615461
-1.8254638400526133
-2.0596569128063056
-1.5882526208829422
-1.6871244908394907
-2.3735119411469565
-3.137350495381339
-1.728420562374673
-1.6688503947369746
-1.8927442559485508
-1.7245931429411083
-2.35742630666814
-2.3176010365420083
-1.623643373230962
-2.361400580475838
-1.6520595186579552
-1.7825797524397302
-1.8639354078513453
-1.6885737433598695
-1.7874183278627278
-2.6006857979597378
-2.3751801255652403
-1.8380552556424057
-1.6317743676247574
-1.7367196146712196
-1.6630481537639952
-1.5431637217423955
-1.7997345534706017
-1.7884940812622503
-1.6443194548815647
-1.9297599901487406
-2.2871901107090107
-1.5926560885341186
-2.225368433444171
-2.0135745625737638
-1.7979417394935613
-1.8737837791345324
-1.831269893518126
-1.998302377416108
-3.0121585391270767
-1.9330383012602663
-3.4449587800441126
-1.6694421854536525
-2.4826585039676683
-1.984309047589175
-1.8384115498549107
-1.8828544698643679
-1.6223102611678097
-1.6686195279772313
-1.7259103614662124
-2.372720558109375
-2.344276790811927
-1.6967155174572977
-1.6064880096225256
-2.1065648199108686
-1.8138994407880649
-1.887976254710523
-1.9639198565903335
-2.6482091415895503
-1.7260329544518118
-1.7330191324639923
-2.475190445225982
-1.9098473756487184
-1.7081334281284413
-1.7719516178211627
-2.1172578698881743
-1.6891279275417599
-1.8750887069935072
-1.7055678907602392
-1.6374609787582717
-1.5991700907006035
-1.822326840189156
-1.764627154113711
-1.8598688565469423
-1.6719523855674385
-1.8077409616971671
-1.7847479286917327
-2.0803739445585947
-2.2484068426693185
-1.853117021120088
-1.7470677623778794
-1.7095776589346148
-1.7487748406703378
-2.4251708197967634
-1.6138501632890438
-1.7079989170685685
-2.0210910966286324
-1.8177811811331779
-1.7416709513736457
-1.7518575209253555
-1.7363464407371243
-3.52729849718375
-1.724797863722351
-1.892258694722262
-1.515242845883999
-2.964909241717688
-2.176393840595493
-3.208433355978759
-1.7183902147874601
-1.6954457667257543
-2.2334269967214837
-1.7429184954108248
-1.541385800151657
-2.423000865571641
-1.5565388963899256
-1.7384836392290328
-2.1260488229067267
-1.7422706971790323
-1.640357548202756
-1.649076355688523
-1.7603764560360808
-1.8538987631809878
-1.8128445447083266
-1.5743460198919728
-2.054986109792649
-1.8103402827907136
-1.7438962217097203
-1.7921311632890706
-1.7033682260325316
-1.917241443664805
-2.081965719783657
-1.7538643180506899
-1.9277296711383318
-1.6943156882274986
-1.548652914656813
-1.8172151282821414
-1.8921313988832758
-1.8251958676993496
-1.733094624044762
-1.6157878464662865
-1.5040211549521718
-1.679207229791876
-1.8221604770156699
-2.297608444297179
-1.6338791165099913
-2.106674666529168
-1.567664853556371
-1.5970876482648944
-2.0106939349199724
-1.572418446811966
-1.503400563573945
-1.8077957955633632
-2.6847350384909774
-1.618054260651661
-1.6419563693634238
-1.6454534750914789
-2.343171788055434
-1.9635904473204668
-1.7725715274971385
-1.6966076157635062
-1.6367926595572815
-1.7059456445845012
-1.855177462169646
-2.074870529088537
-1.5178802821237074
-1.9822619140035176
-1.8459145288677874
-1.6047087846007813
-1.9762400306516152
-1.4970999069204627
-2.0280874338091692
-1.6628645096040113
-2.7380866432232747
-1.6345795683282542
-1.4970999069204627
-1.4970999069204627
-1.6053627603279246
-2.093210882542616
-2.2826977444523937
-1.5291936005332616
-1.5952190508759703
-1.63801540347254
-2.0384870986746364
-1.677931085078967
-1.7263674563929765
-1.5122036985532077
-1.6896702762216602
-1.7046517777693886
-1.7652556135373718
-1.8799266357268856
-1.5790956206188351
-1.6469013180947076
-2.0626066430789134
-1.9108314369444948
-1.701397642695726
-1.761563664403722
-3.0038252494762325
-1.7407673587664476
-1.5465174363059404
-1.6952858333698284
-1.7327865500568524
-1.8981252420318597
-3.4654887968945367
-1.7831725525972413
-2.020035203583758
-1.7013598461284651
-1.885370890886982
-2.3506474549584766
-1.9869151511542658
-1.5625793981608327
-1.8847121007224032
-1.6881278521249783
-1.8183424975019822
-1.580463915112957
-2.0372727396115646
-3.5414836181711227
-1.9991671676317715
-1.7250677736439393
-1.89126858105692
-1.7367321861076377
-1.866191955923771
-1.8318044121210448
-1.9954228974377326
-1.8209313779048113
-1.6975429843304486
-1.7728507882631028
-2.0326925048488214
-1.681957371712862
-1.7076731040593751
-1.7608579648954414
-3.2802186385525545
-2.252163791713871
-3.6341188483858495
-1.7557800191498174
-1.7140220684059777
-1.6684659238288493
-2.5927188813619537
-1.7039405704961386
-1.7448591314304789
-1.7986745529724324
-1.925739252221259
-1.6550314270488986
-1.9573280288273098
-1.9941055426278709
-1.60361221654912
-2.0737642174597717
-2.5434055519725103
-1.6961646833025927
-1.7943846835973236
-1.8105780989307387
-1.7816992519689592
-1.9563229868312142
-2.4385117356836705
-1.575353463743543
-1.5765011573436425
-1.8717916262737635
-1.7781960054329335
-2.4454975715830507
-1.4970999069204627
-1.8478665576811437
-2.602057966952172
-2.6540374490739804
-1.9508562876421678
-1.941025472695861
-1.9761727623758816
-1.9358049296607795
-3.2784695786235183
-1.835334747387373
-1.9407048060589656
-1.8286555050681468
-1.7565673511255273
-2.487216891414718
-2.5322011104620987
-1.806493470287764
-1.9231962178619693
-1.895037859816739
-2.3128387003337814
-1.8900819179731787
-1.6466752156678819
-1.806493470287764
-1.7998741220264307
-1.8742458606628887
-2.4535673607216264
-2.0138664437446643
-1.8374042997886413
-2.205433214538429
-1.7565314474990732
-1.788784679563153
-1.579153915545283
-1.5765011573436425
-4.690005685226598
-1.906670295122888
-1.637692442146463
-1.5792323392726555
-1.4970999069204627
-1.7093198790203834
-1.7742156314865998
-3.694029237744676
-1.2947794543498539
-1.7888391815081377
-2.073830124975574
-1.9376605726321028
-2.144620452422666
-1.6182520417314148
-2.787490648695716
-1.7148384608882337
-1.654674832101355
-3.3228138878340303
-1.778749699660807
-1.5040211549521718
-2.2264304617410833
-1.7334985792883923
-1.8626822321380345
-2.069740596051565
-2.069100566896438
-2.6865724609985726
-2.1710761427128347
-1.5989545659476736
-1.8734823408931902
-1.8974262696636455
-1.7990338287269143
-3.578159191637102
-1.7766224565160558
-1.7617396577198878
-2.0085979669927756
-2.263264282474289
-2.4555410144604384
-1.8245297465337966
-1.7789235265855226
-1.4970999069204627
-1.4970999069204627
-2.385288736287883
-1.5089890513140078
-1.4970999069204627
-1.4970999069204627
-1.6773684413244965
-1.4970999069204627
-1.4970999069204627
-2.0335818126380794
-1.3225384576072612
-1.3225384576072612
-1.3225384576072612
-1.6773684413244965
-1.3225384576072612
-1.9334815274819395
-1.631375753948408
-1.639088976739984
-1.824599746628964
-2.3878390702012204
-1.6832593639099738
-2.5716514317454457
-1.4326541420856644
-1.6766012610579573
-1.66843898123237
-1.6407524380205505
-1.659982165209275
-1.611165122501598
-1.676785720933852
-1.812531728005812
-1.652441113296673
-2.0080626603074947
-1.8188711529535109
-1.8369649395862115
-1.8050345763181639
-3.4686455092898374
-1.3225384576072612
-1.3225384576072612
-1.6667284417003643
-1.2947794543498539
-1.6773684413244965
-1.4326541420856644
-2.165409734055988
-1.4326541420856644
-2.0589965604380485
-1.6047087846007813
-1.3225384576072612
-1.3225384576072612
-3.4793344608428747
-1.3893955144685215
-1.6149372918488547
-2.0779168649454487
-1.4326541420856644
-1.6521623182567566
-1.7926561477864515
-1.5177658990561484
-1.6170650280532133
-2.1045917100778
-2.597679824094719
-1.8498194658003815
-1.5241337658588234
-1.8237154327000802
-2.1808859623312458
-1.6270778104085704
-2.1915122557052875
-1.593352688238717
-1.759054961329234
-2.1172246645510864
-1.9368501063744645
-1.603951268376509
-1.8977166478965195
-1.3750438927317417
-1.564546657881646
-1.877179001750859
-1.580463915112957
-2.132188618660326
-2.2139795665877546
-1.6785817805007142
-1.8314199930380113
-1.798568984557063
-1.589673569948543
-1.7704367748737866
-2.431438857355266
-1.8528127834523733
-1.6829859349657568
-2.3779877180161044
-2.110211480032481
-1.4981939200984886
-1.651104191195481
-1.505973903075585
-2.1282301315774177
-2.0495047991515936
-2.0456054313244696
-2.01328162737995
-1.8061799448207179
-1.6950154534895958
-1.6973815988148733
-1.8165851206928352
-3.572423211858064
-1.7628105635565667
-2.111039785527378
-2.0109774462413856
-1.9542574445582677
-1.7117595290034888
-2.1003128219316505
-1.6028078237351284
-2.3577318256018707
-1.7469055237795672
-1.5991730506747928
-2.0904126765636697
-1.8345462388789677
-2.274525948631588
-1.731399420981596
-2.5010363528172554
-1.3091481445175672
-1.3091481445175672
-1.9396951440702104
-2.668960020188937
-1.346174661850922
-1.9716828096144052
-1.5878141677262771
-1.994902655031229
-1.346174661850922
-1.8628311598023313
-1.9227208014845818
-1.7685638700291282
-1.8429067424741863
-1.6326829517519403
-2.806282679512057
-1.4283722420908402
-1.5805799730425125
-1.7660872640724214
-1.8059754514018636
-1.775606484556862
-1.8755148471804244
-1.9466260090765477
-1.713007980699837
-1.6606626495338492
-1.7853868092095677
-1.6391929029410761
-1.7025250260210552
-1.8369956256530822
-1.6001125958210043
-1.5368761285856234
-1.7381264354428794
-1.8991087999999614
-1.7145882642376247
-2.3398092818935723
-1.6433443372352396
-1.6086705095561609
-1.8472800997964356
-1.7385805108155505
-1.6773613623007488
-2.1013947519360965
-1.6516241371018383
-1.496616554130898
-1.4283722420908402
-1.4283722420908402
-1.3547690192874233
-1.4283722420908402
-1.7314203144619302
-1.4283722420908402
-1.61517162540226
-1.5474385055633073
-1.5474385055633073
-1.4283722420908402
-1.4283722420908402
-1.4478815692141884
-1.3215842409276313
-1.3547690192874233
-4.200816604891763
-1.4283722420908402
-1.4283722420908402
-2.2402137356729064
-1.3547690192874233
-1.3547690192874233
-1.3547690192874233
-1.4256168064672439
-1.3547690192874233
-1.246647395940931
-1.3225906854475893
-1.3225906854475893
-1.226600083345863
